   0   0  0.199509627957E-10  0.000000000000E+00
   1   0 -0.121163566957E-12  0.000000000000E+00
   2   0 -0.484165359223E-03  0.000000000000E+00
   3   0  0.957254157999E-06  0.000000000000E+00
   4   0  0.539866984308E-06  0.000000000000E+00
   5   0  0.685323532857E-07  0.000000000000E+00
   6   0 -0.149960187736E-06  0.000000000000E+00
   7   0  0.909789418684E-07  0.000000000000E+00
   8   0  0.496701036884E-07  0.000000000000E+00
   9   0  0.276714435783E-07  0.000000000000E+00
  10   0  0.526216542814E-07  0.000000000000E+00
  11   0 -0.509613646595E-07  0.000000000000E+00
  12   0  0.377248988356E-07  0.000000000000E+00
  13   0  0.422982120586E-07  0.000000000000E+00
  14   0 -0.242788991376E-07  0.000000000000E+00
  15   0  0.147909820709E-08  0.000000000000E+00
  16   0 -0.315341480501E-08  0.000000000000E+00
  17   0  0.197605148696E-07  0.000000000000E+00
  18   0  0.508676746040E-08  0.000000000000E+00
  19   0 -0.325780201071E-08  0.000000000000E+00
  20   0  0.222383574783E-07  0.000000000000E+00
  21   0  0.587821232429E-08  0.000000000000E+00
  22   0 -0.113735909265E-07  0.000000000000E+00
  23   0 -0.226201040168E-07  0.000000000000E+00
  24   0  0.763590166646E-09  0.000000000000E+00
  25   0  0.321308650366E-08  0.000000000000E+00
  26   0  0.505828331374E-08  0.000000000000E+00
  27   0  0.277176204680E-08  0.000000000000E+00
  28   0 -0.910380510516E-08  0.000000000000E+00
  29   0 -0.497406419495E-08  0.000000000000E+00
  30   0  0.602878213300E-08  0.000000000000E+00
  31   0  0.733099844230E-08  0.000000000000E+00
  32   0 -0.233968830976E-08  0.000000000000E+00
  33   0 -0.349357056306E-08  0.000000000000E+00
  34   0 -0.908835739957E-08  0.000000000000E+00
  35   0  0.860443406871E-08  0.000000000000E+00
  36   0 -0.402593206281E-08  0.000000000000E+00
  37   0 -0.626877641703E-08  0.000000000000E+00
  38   0 -0.250217929636E-08  0.000000000000E+00
  39   0  0.174080704972E-08  0.000000000000E+00
  40   0 -0.669715308232E-08  0.000000000000E+00
  41   0 -0.413525411295E-08  0.000000000000E+00
  42   0 -0.133357401290E-08  0.000000000000E+00
  43   0  0.480016588984E-08  0.000000000000E+00
  44   0  0.716573558763E-09  0.000000000000E+00
  45   0 -0.420561967734E-08  0.000000000000E+00
  46   0 -0.270014751230E-08  0.000000000000E+00
  47   0 -0.190155633995E-09  0.000000000000E+00
  48   0  0.357678747682E-08  0.000000000000E+00
  49   0 -0.132382241357E-09  0.000000000000E+00
  50   0 -0.376131212013E-08  0.000000000000E+00
   1   1 -0.263564868443E-12  0.202560787598E-13
   2   1 -0.187062859361E-09  0.119533424323E-08
   3   1  0.202998880604E-05  0.248513329181E-06
   4   1 -0.536321582819E-06 -0.473440313627E-06
   5   1 -0.621011758325E-07 -0.944226027109E-07
   6   1 -0.760879775094E-07  0.262890234178E-07
   7   1  0.279872918215E-06  0.954337041296E-07
   8   1  0.233421757493E-07  0.590060663977E-07
   9   1  0.143387545691E-06  0.216835181448E-07
  10   1  0.835115867853E-07 -0.131314320404E-06
  11   1  0.151687781039E-07 -0.268604191472E-07
  12   1 -0.540654820599E-07 -0.435676053127E-07
  13   1 -0.513569412602E-07  0.390510344812E-07
  14   1 -0.186968775549E-07  0.294747324013E-07
  15   1  0.100817457792E-07  0.109773207082E-07
  16   1  0.258360641123E-07  0.325447617892E-07
  17   1 -0.254177336419E-07 -0.306630531458E-07
  18   1  0.721098634047E-08 -0.388714474701E-07
  19   1 -0.759902687060E-08  0.126834191468E-08
  20   1  0.516302704682E-08  0.669625936105E-08
  21   1 -0.161000681944E-07  0.284359380731E-07
  22   1  0.162309897767E-07 -0.377303761330E-08
  23   1  0.110870198988E-07  0.161379298913E-07
  24   1 -0.314942980926E-08 -0.177191740933E-08
  25   1  0.689650035978E-08 -0.799550393123E-08
  26   1 -0.154755676046E-08 -0.770013738275E-08
  27   1  0.248983178447E-08  0.377379811362E-08
  28   1 -0.555485324929E-08  0.793299220808E-08
  29   1  0.498980211041E-08 -0.982511064276E-08
  30   1 -0.557555324823E-09  0.124284714585E-08
  31   1  0.611170604020E-08 -0.160774500594E-07
  32   1 -0.169210760694E-08  0.127759794921E-08
  33   1 -0.139641407061E-08 -0.216391824008E-08
  34   1 -0.276889964695E-08  0.638918384992E-08
  35   1 -0.107631052675E-07 -0.103576323116E-07
  36   1 -0.113387213668E-08  0.514982461152E-08
  37   1 -0.544321449728E-08 -0.111972863513E-08
  38   1  0.309465703934E-08  0.469976512883E-08
  39   1 -0.257052877852E-08  0.538483604403E-08
  40   1  0.298119013432E-08 -0.167669730544E-09
  41   1 -0.490274400276E-08 -0.413421365977E-08
  42   1 -0.291339960108E-08  0.206723044908E-08
  43   1 -0.299163681507E-08  0.140510433201E-08
  44   1  0.435359140456E-08 -0.803475339646E-09
  45   1  0.443790552440E-08 -0.551664117359E-08
  46   1  0.180310484604E-08  0.101975419712E-08
  47   1 -0.627233304787E-08 -0.151518064295E-08
  48   1  0.114968644227E-08  0.302657209310E-08
  49   1  0.647068869669E-08 -0.237902092427E-09
  50   1  0.423888837413E-08 -0.150227688425E-08
   2   2  0.243914369514E-05 -0.140016654156E-05
   3   2  0.904627782517E-06 -0.619025761217E-06
   4   2  0.350694125665E-06  0.662671690435E-06
   5   2  0.652438349962E-06 -0.323349546066E-06
   6   2  0.481733188573E-07 -0.373728174372E-06
   7   2  0.329743836992E-06  0.930668102271E-07
   8   2  0.802979105724E-07  0.654175457227E-07
   9   2  0.222288729461E-07 -0.322196335089E-07
  10   2 -0.942413619674E-07 -0.515791842157E-07
  11   2  0.186310031396E-07 -0.990693877922E-07
  12   2  0.142979672501E-07  0.320975754644E-07
  13   2  0.559218036094E-07 -0.627337658198E-07
  14   2 -0.367789352642E-07 -0.516780918116E-08
  15   2 -0.213942371589E-07 -0.308915125439E-07
  16   2 -0.233671553733E-07  0.288799292313E-07
  17   2 -0.195988740572E-07  0.649264055165E-08
  18   2  0.140631702634E-07  0.100093403677E-07
  19   2  0.353541584460E-07 -0.131347182409E-08
  20   2  0.198831234530E-07  0.175183875211E-07
  21   2 -0.654459392115E-08  0.378474249310E-08
  22   2 -0.264090173610E-07 -0.210832544710E-08
  23   2 -0.135191043848E-07 -0.501412660044E-08
  24   2  0.138595102924E-08  0.171104089412E-07
  25   2  0.219498139439E-07  0.901370092701E-08
  26   2 -0.358729293361E-08  0.114484216891E-07
  27   2  0.145271496433E-08  0.503112506307E-09
  28   2 -0.151891351267E-07 -0.797956165670E-08
  29   2 -0.312119491591E-08 -0.263433882925E-08
  30   2 -0.103706555027E-07 -0.261802264030E-08
  31   2  0.749626275157E-08  0.637776103383E-08
  32   2  0.113999563523E-07 -0.335609061162E-08
  33   2 -0.748773061132E-08 -0.501873385250E-09
  34   2  0.676881692897E-08  0.530082403525E-08
  35   2 -0.148166738027E-07  0.747317236769E-08
  36   2 -0.431576159361E-08 -0.340210804951E-08
  37   2 -0.422247309133E-08 -0.137653708419E-07
  38   2  0.819190622910E-08 -0.292167115278E-09
  39   2  0.277227944215E-08  0.704357687764E-08
  40   2 -0.551226535956E-09 -0.111120805948E-08
  41   2  0.289052579354E-08  0.177080477535E-08
  42   2 -0.225762737136E-08 -0.191350774615E-08
  43   2 -0.995536563699E-08 -0.678258735137E-09
  44   2 -0.379123775334E-09  0.236663287353E-08
  45   2  0.118457419408E-08 -0.284426759784E-08
  46   2  0.549858819915E-08  0.169386424195E-08
  47   2  0.401691398784E-08 -0.100085374241E-08
  48   2  0.452035221867E-08  0.363397246443E-09
  49   2  0.130201439285E-09  0.300456372943E-08
  50   2 -0.861644425472E-08 -0.318340653090E-08
   3   3  0.721072418360E-06  0.141435641526E-05
   4   3  0.990771951672E-06 -0.200928132472E-06
   5   3 -0.451955280123E-06 -0.214847195529E-06
   6   3  0.571731762742E-07  0.902692483470E-08
   7   3  0.250398745878E-06 -0.217198565074E-06
   8   3 -0.191877189381E-07 -0.863454379352E-07
   9   3 -0.160811452356E-06 -0.742287850447E-07
  10   3 -0.689890809163E-08 -0.153768837755E-06
  11   3 -0.309871009425E-07 -0.148131849495E-06
  12   3  0.393995757427E-07  0.244264658028E-07
  13   3 -0.219361339890E-07  0.974829046560E-07
  14   3  0.358875300717E-07  0.204618777423E-07
  15   3  0.521392784854E-07  0.172893013881E-07
  16   3 -0.336019238220E-07 -0.220419210916E-07
  17   3  0.564122905040E-08  0.678327912205E-08
  18   3 -0.507233439973E-08 -0.490867544563E-08
  19   3 -0.974103543171E-08  0.150662154870E-08
  20   3 -0.362602688379E-08  0.379590599508E-07
  21   3  0.195492088515E-07  0.226287077890E-07
  22   3  0.116579970518E-07  0.106764744963E-07
  23   3 -0.245127879490E-07 -0.160570400072E-07
  24   3 -0.476407419157E-08 -0.942329392175E-08
  25   3 -0.117774959250E-07 -0.126719077176E-07
  26   3  0.140505653983E-07  0.430905664760E-08
  27   3 -0.362307922051E-09  0.108845771255E-07
  28   3  0.253183088188E-08  0.111373129376E-07
  29   3  0.182518174972E-08 -0.105769919210E-07
  30   3  0.214692274009E-08 -0.136464156128E-07
  31   3 -0.889920837769E-08 -0.765503945820E-08
  32   3 -0.144443168136E-09  0.405424353587E-08
  33   3 -0.199662351287E-08  0.709303364788E-08
  34   3  0.125429663318E-07  0.811620815821E-08
  35   3  0.188623672838E-08  0.349967744711E-08
  36   3  0.700512408586E-10 -0.158895617637E-07
  37   3 -0.507191202815E-08 -0.709635876755E-09
  38   3 -0.252647260115E-08 -0.933033472827E-09
  39   3 -0.332354988556E-08  0.624115988742E-08
  40   3  0.100970412819E-09 -0.206645783758E-08
  41   3  0.520847171368E-08  0.262910799808E-08
  42   3  0.100425788077E-08  0.890566393352E-08
  43   3  0.316917955508E-08 -0.157490942024E-09
  44   3 -0.195039346674E-09 -0.350189180656E-08
  45   3 -0.307021868148E-09 -0.608323691460E-08
  46   3 -0.217227209017E-08  0.313518993873E-10
  47   3  0.259377840714E-08  0.247230782328E-08
  48   3 -0.122927722223E-08  0.257979235117E-08
  49   3  0.143748592368E-08  0.144670484332E-08
  50   3  0.654814413253E-09 -0.106553890189E-08
   4   4 -0.188560827660E-06  0.308853292021E-06
   5   4 -0.295301519514E-06  0.496658056325E-07
   6   4 -0.862140830338E-07 -0.471408194729E-06
   7   4 -0.275114303195E-06 -0.123800540255E-06
   8   4 -0.244600102553E-06  0.700231907727E-07
   9   4 -0.900179053955E-08  0.194666703734E-07
  10   4 -0.840764465843E-07 -0.792806773635E-07
  11   4 -0.389580026989E-07 -0.636666806463E-07
  12   4 -0.686908488631E-07  0.415075342355E-08
  13   4 -0.313762759489E-08 -0.119628012121E-07
  14   4  0.183863562331E-08 -0.226780667447E-07
  15   4 -0.408150050745E-07  0.650171710324E-08
  16   4  0.402316029342E-07  0.483837800025E-07
  17   4  0.707455892352E-08  0.249437483525E-07
  18   4  0.548759336764E-07 -0.135264114522E-08
  19   4  0.157039025864E-07 -0.761677233494E-08
  20   4  0.242239399583E-08 -0.211057615838E-07
  21   4 -0.576604160839E-08  0.194493711021E-07
  22   4 -0.270978995438E-08  0.174980805555E-07
  23   4 -0.239887922630E-07  0.731536132137E-08
  24   4  0.605107570002E-08  0.549770941361E-08
  25   4  0.942542767537E-08  0.684936345999E-09
  26   4  0.190548776576E-07 -0.194161161108E-07
  27   4 -0.599188592413E-09  0.940517748483E-08
  28   4 -0.199211741294E-08  0.125054697099E-07
  29   4 -0.242786317474E-07  0.226110625612E-08
  30   4 -0.455086426328E-09 -0.391116481050E-08
  31   4  0.122555499395E-07 -0.494466205425E-08
  32   4  0.856371512910E-09 -0.675422612474E-08
  33   4 -0.427019607500E-08  0.227425770496E-08
  34   4 -0.830005517031E-08  0.119586598793E-08
  35   4 -0.282338968917E-08  0.920674990698E-08
  36   4  0.300960625423E-08  0.138917776873E-08
  37   4  0.563543461179E-08  0.445233199764E-09
  38   4  0.507359463946E-08 -0.418473265650E-08
  39   4 -0.551535860126E-08 -0.491343083360E-08
  40   4  0.567371661745E-08 -0.721819491409E-08
  41   4 -0.191230529950E-08  0.499519982755E-08
  42   4  0.549293460743E-08  0.146033155789E-08
  43   4  0.118935325965E-08  0.181393622122E-08
  44   4  0.263812693331E-08 -0.214240567510E-08
  45   4 -0.417074880917E-09  0.104795433516E-08
  46   4  0.566316335078E-09 -0.733553182680E-08
  47   4 -0.104443510655E-08  0.934971468543E-09
  48   4  0.409351007450E-09 -0.122081147772E-08
  49   4 -0.392334944384E-09  0.970388756631E-08
  50   4 -0.848878513433E-08  0.407205037455E-09
   5   5  0.174972317139E-06 -0.669384120505E-06
   6   5 -0.267133046484E-06 -0.536488607878E-06
   7   5  0.193766898660E-08  0.177376897928E-07
   8   5 -0.255353173169E-07  0.891461308054E-07
   9   5 -0.166165018787E-07 -0.541113263946E-07
  10   5 -0.493395698715E-07 -0.505370542671E-07
  11   5  0.377847664723E-07  0.494736071177E-07
  12   5  0.309411051905E-07  0.782536129983E-08
  13   5  0.590048951409E-07  0.664976117237E-07
  14   5  0.287344308243E-07 -0.163882160726E-07
  15   5  0.124935689921E-07  0.808376635023E-08
  16   5 -0.129501903808E-07 -0.319460149938E-08
  17   5 -0.154986957211E-07  0.660020831011E-08
  18   5  0.548710531557E-08  0.264338587891E-07
  19   5  0.109629176255E-07  0.283172282454E-07
  20   5 -0.107042505834E-07 -0.771860375128E-08
  21   5  0.258855967132E-08  0.170850943579E-08
  22   5 -0.186452691513E-08  0.744718413236E-09
  23   5  0.799642305222E-09 -0.161444985494E-09
  24   5 -0.729479181885E-08 -0.213826536517E-07
  25   5 -0.100497493787E-07 -0.922127190543E-09
  26   5  0.107189909599E-07  0.908952569585E-08
  27   5  0.167690524443E-07  0.138338581554E-07
  28   5  0.108871894020E-07 -0.422573409413E-08
  29   5 -0.681101898241E-08  0.601242770846E-08
  30   5 -0.436973397464E-08 -0.535559325039E-08
  31   5 -0.871278918557E-08  0.308326137113E-08
  32   5  0.860776384562E-08  0.182572159668E-08
  33   5  0.237782348166E-09  0.374439764372E-08
  34   5 -0.388130939091E-08  0.354962708343E-08
  35   5 -0.723687919577E-08 -0.115478804283E-07
  36   5 -0.742261218778E-08  0.140337372099E-08
  37   5 -0.974378296111E-08 -0.557113183357E-09
  38   5 -0.925038363851E-08  0.738633411760E-08
  39   5  0.547039508504E-08  0.166010852255E-08
  40   5  0.134270969165E-07 -0.189024170983E-09
  41   5  0.443965070524E-08 -0.340520471508E-08
  42   5 -0.914060236846E-08 -0.405025664942E-08
  43   5 -0.880529952960E-08  0.716357331588E-08
  44   5  0.122483916579E-08  0.333913067737E-08
  45   5  0.313251207510E-08 -0.138671514841E-08
  46   5 -0.392225663054E-08 -0.987938304092E-08
  47   5 -0.431349182506E-09 -0.220359592117E-08
  48   5  0.543663344604E-08 -0.235605638588E-08
  49   5  0.255429541972E-08 -0.147768094610E-09
  50   5 -0.758942217152E-09 -0.279475163334E-08
   6   6  0.967634842427E-08 -0.237192089776E-06
   7   6 -0.358857011482E-06  0.151789522244E-06
   8   6 -0.657362958229E-07  0.309238443989E-06
   9   6  0.626940524298E-07  0.222903553878E-06
  10   6 -0.375884961111E-07 -0.795667246692E-07
  11   6 -0.118678096652E-08  0.344769525665E-07
  12   6  0.341521600340E-08  0.391765455649E-07
  13   6 -0.359038053398E-07 -0.657282282784E-08
  14   6 -0.194810646998E-07  0.247831135443E-08
  15   6  0.331211854457E-07 -0.368245875244E-07
  16   6  0.140239299429E-07 -0.350760131681E-07
  17   6 -0.118193899528E-07 -0.289771203398E-07
  18   6  0.146570819052E-07 -0.136438025934E-07
  19   6 -0.408744724213E-08  0.186219317039E-07
  20   6  0.110474982999E-07 -0.217719490799E-08
  21   6 -0.140168841987E-07 -0.275251901847E-11
  22   6  0.964390931064E-08 -0.637316496226E-08
  23   6 -0.126082944240E-07  0.161308046436E-07
  24   6  0.454210439585E-08  0.185596966681E-08
  25   6  0.166832786748E-07  0.430588562503E-09
  26   6  0.113117036292E-07 -0.934393043922E-08
  27   6  0.364265608909E-08  0.613032539641E-08
  28   6 -0.522194460677E-08  0.132656439857E-07
  29   6  0.119592830100E-07  0.970201130950E-08
  30   6  0.328457904345E-09  0.317808650791E-08
  31   6 -0.168890442007E-08  0.137036305903E-08
  32   6 -0.100402517946E-07 -0.763056596887E-08
  33   6  0.122603165520E-08 -0.287328384044E-08
  34   6  0.484083280490E-09  0.762975421489E-08
  35   6  0.328708244785E-08  0.790141802639E-08
  36   6  0.108546076682E-07 -0.316311830338E-08
  37   6 -0.207367552544E-08  0.787327767485E-08
  38   6 -0.140048791635E-07  0.314175193203E-08
  39   6 -0.445910449645E-08  0.279734044549E-08
  40   6 -0.348442420393E-09  0.426023044338E-08
  41   6  0.337316030995E-08  0.208985783264E-08
  42   6  0.251909634310E-08 -0.830415536809E-09
  43   6  0.597894298983E-08  0.294594588195E-09
  44   6 -0.821665315452E-08  0.342570526464E-08
  45   6 -0.558127581172E-08 -0.454707615967E-09
  46   6 -0.519791217688E-08 -0.366545608558E-08
  47   6  0.257405730871E-08 -0.341622607943E-08
  48   6  0.474903022145E-08  0.784843749570E-08
  49   6 -0.211376735897E-08  0.343832313408E-08
  50   6 -0.805948841069E-10  0.179661910871E-08
   7   7  0.109189732068E-08  0.244414764105E-07
   8   7  0.672809913697E-07  0.747440674715E-07
   9   7 -0.118366274192E-06 -0.965152754412E-07
  10   7  0.811460528849E-08 -0.336626746624E-08
  11   7  0.411568944858E-08 -0.898253152846E-07
  12   7 -0.186910223228E-07  0.356131739030E-07
  13   7  0.253002923361E-08 -0.621471137789E-08
  14   7  0.375003924706E-07 -0.417289558431E-08
  15   7  0.596210611821E-07  0.531844791734E-08
  16   7 -0.708411548918E-08 -0.881583495218E-08
  17   7  0.242149723370E-07 -0.422222312216E-08
  18   7  0.675810859607E-08  0.688576754002E-08
  19   7  0.478276591550E-08 -0.717284547779E-08
  20   7 -0.210090224721E-07 -0.223656727256E-10
  21   7 -0.864355434671E-08  0.442611813687E-08
  22   7  0.159715929568E-07  0.439601635466E-08
  23   7 -0.804132335182E-08 -0.111647751375E-08
  24   7 -0.614244803951E-08  0.470081211727E-08
  25   7  0.771427255501E-08 -0.411702757990E-08
  26   7 -0.156228490272E-08  0.481168049641E-08
  27   7 -0.123459160632E-07 -0.386514882283E-08
  28   7 -0.705590813205E-09  0.512740859769E-08
  29   7 -0.591101392805E-08 -0.214600286190E-08
  30   7  0.404922844538E-08  0.183962633438E-08
  31   7 -0.271995962264E-08 -0.688632539457E-09
  32   7  0.137058472625E-08  0.275465398026E-08
  33   7 -0.611215349088E-08  0.249382575754E-08
  34   7  0.275125992500E-08 -0.656263582657E-08
  35   7 -0.345830988435E-08  0.471386712196E-08
  36   7  0.170813611252E-08  0.617680274040E-08
  37   7  0.660598382450E-08  0.867877504704E-08
  38   7  0.154501375246E-08 -0.278048002561E-08
  39   7  0.175001327290E-08 -0.165032937299E-08
  40   7 -0.247451200966E-08  0.238870172016E-08
  41   7  0.206226601641E-09  0.327020069544E-08
  42   7  0.433149650067E-08 -0.181867590440E-08
  43   7 -0.152227528957E-08  0.489579957706E-08
  44   7  0.298850950038E-08  0.104600878042E-07
  45   7  0.144618889512E-11  0.260316582582E-08
  46   7  0.549283665466E-08 -0.768195230537E-08
  47   7  0.352746432366E-09 -0.393728731029E-08
  48   7 -0.398976822927E-09  0.248162642207E-08
  49   7  0.315329992736E-08  0.341944023468E-08
  50   7  0.214183595544E-08  0.451810163121E-08
   8   8 -0.124092554543E-06  0.120533036053E-06
   9   8  0.188435981929E-06 -0.308553297197E-08
  10   8  0.404928516409E-07 -0.918705759932E-07
  11   8 -0.598413580297E-08  0.243989679044E-07
  12   8 -0.253769670312E-07  0.169360392910E-07
  13   8 -0.983151274807E-08 -0.104740314296E-07
  14   8 -0.350946354404E-07 -0.153515630838E-07
  15   8 -0.322428777968E-07  0.221523363608E-07
  16   8 -0.209018910639E-07  0.500526324126E-08
  17   8  0.388442131648E-07  0.358905703463E-08
  18   8  0.307619836455E-07  0.417829452014E-08
  19   8  0.294908422785E-07 -0.993035479288E-08
  20   8  0.442419372342E-08  0.183034500396E-08
  21   8 -0.170477289900E-07  0.150709215292E-08
  22   8 -0.235157397116E-07  0.483672316608E-08
  23   8  0.753786031543E-08 -0.329672631869E-09
  24   8  0.154822476307E-07 -0.434471494747E-08
  25   8  0.315652455012E-08 -0.781958207377E-09
  26   8  0.394920459864E-08  0.115340402902E-08
  27   8 -0.610406655805E-08 -0.899505485836E-08
  28   8 -0.423704605987E-08 -0.332585038658E-08
  29   8 -0.169467309009E-07  0.111160130361E-07
  30   8  0.254951585334E-08  0.462058320591E-08
  31   8 -0.750269996391E-09  0.228101982626E-08
  32   8  0.119653549012E-07  0.491018656677E-08
  33   8 -0.823157241330E-09  0.144915509115E-07
  34   8 -0.983447089466E-08  0.468751136435E-08
  35   8  0.415910392127E-08  0.921487679394E-08
  36   8  0.344938994611E-08 -0.503767218422E-08
  37   8 -0.213258371281E-08 -0.214922899185E-08
  38   8  0.314019378030E-08  0.433315130628E-08
  39   8  0.231145053394E-08  0.115403416971E-07
  40   8  0.680794460110E-08  0.382071558000E-08
  41   8 -0.215120594807E-08 -0.424645146540E-08
  42   8  0.231467440723E-08  0.646894498563E-09
  43   8  0.557499415672E-10  0.279900617502E-09
  44   8 -0.265553729789E-08  0.388448587129E-09
  45   8 -0.354979381235E-08  0.456561523017E-09
  46   8  0.217032956168E-08  0.317787664424E-08
  47   8  0.537524825096E-08 -0.123956061847E-08
  48   8  0.255844993192E-08  0.547396658893E-08
  49   8 -0.106674903763E-08  0.372669794607E-08
  50   8 -0.272537563768E-08  0.114829870485E-08
   9   9 -0.477476487647E-07  0.966412681113E-07
  10   9  0.125491405510E-06 -0.376515402746E-07
  11   9 -0.314231350844E-07  0.417731410512E-07
  12   9  0.422880323237E-07  0.252693158278E-07
  13   9  0.247325179289E-07  0.452870396806E-07
  14   9  0.320284657912E-07  0.288805183712E-07
  15   9  0.128787988767E-07  0.375629901427E-07
  16   9 -0.218588410600E-07 -0.395012665378E-07
  17   9  0.381358365633E-08 -0.281466909520E-07
  18   9 -0.188470720233E-07  0.368302579384E-07
  19   9  0.307962145045E-08  0.694110874414E-08
  20   9  0.178846292693E-07 -0.663939900942E-08
  21   9  0.164488993412E-07  0.830112957040E-08
  22   9  0.829434706057E-08  0.873382475932E-08
  23   9  0.255055375696E-08 -0.128071601587E-07
  24   9 -0.976621234604E-08 -0.162755213132E-07
  25   9 -0.299385473204E-07  0.212695189495E-07
  26   9 -0.120371461348E-07  0.475166793326E-09
  27   9  0.340112038374E-08  0.110992966483E-07
  28   9  0.113842506353E-07 -0.104162984471E-07
  29   9 -0.129371227280E-08  0.141793470430E-08
  30   9 -0.732592156864E-08 -0.972778839477E-08
  31   9 -0.655852811549E-09  0.524179569601E-08
  32   9  0.733224714534E-08  0.718970324127E-09
  33   9  0.505097302235E-08  0.740518059654E-08
  34   9  0.153042400827E-08  0.210165547946E-08
  35   9 -0.783587442341E-09 -0.108780459285E-08
  36   9  0.292192114978E-08 -0.374024798838E-09
  37   9  0.224091347272E-08 -0.186835893374E-08
  38   9  0.465473924629E-08 -0.783747201156E-09
  39   9  0.700349715533E-08  0.374031283276E-08
  40   9 -0.690488821974E-09  0.197015051138E-08
  41   9 -0.591410419263E-09  0.343780457947E-08
  42   9  0.580412294486E-09  0.263925082602E-08
  43   9 -0.242188220489E-08 -0.709045893206E-08
  44   9 -0.401226701020E-09 -0.642838313133E-08
  45   9  0.683145625859E-08 -0.464843762368E-08
  46   9  0.996299344861E-08  0.593033581333E-08
  47   9 -0.129986829877E-08  0.295555095923E-08
  48   9  0.224137660770E-09  0.398795304259E-08
  49   9 -0.815491060389E-09  0.555382094640E-08
  50   9 -0.144509831896E-08  0.253473267248E-08
  10  10  0.100538646160E-06 -0.240147190217E-07
  11  10 -0.521882140556E-07 -0.183365352820E-07
  12  10 -0.617621934008E-08  0.308375892252E-07
  13  10  0.410325059178E-07 -0.368120476468E-07
  14  10  0.390329179534E-07 -0.144305545477E-08
  15  10  0.104688603616E-07  0.147222312934E-07
  16  10 -0.117529895757E-07  0.114211565392E-07
  17  10 -0.388218043295E-08  0.181328016283E-07
  18  10  0.527535885072E-08 -0.466092411603E-08
  19  10 -0.338414984384E-07 -0.737983407393E-08
  20  10 -0.325394872676E-07 -0.512310863690E-08
  21  10 -0.109928988293E-07 -0.146915084222E-08
  22  10  0.600701525540E-08  0.221854044500E-07
  23  10  0.165167892636E-07 -0.185239039133E-08
  24  10  0.108934580813E-07  0.209168847838E-07
  25  10  0.881933168276E-08 -0.418041663429E-08
  26  10 -0.141246116110E-07 -0.645217768818E-08
  27  10 -0.133158960779E-07  0.172818621860E-09
  28  10 -0.922868954529E-08  0.817851309771E-08
  29  10  0.137184647802E-07  0.179543545492E-08
  30  10  0.427610150494E-08 -0.410864923315E-08
  31  10  0.399162447609E-08 -0.473500396512E-08
  32  10  0.912139196049E-10 -0.570680166954E-08
  33  10 -0.239709819714E-08  0.107022012401E-08
  34  10 -0.752633236193E-08  0.146543492765E-08
  35  10 -0.263079129297E-08  0.114437625629E-07
  36  10  0.423118853720E-08  0.683503622340E-08
  37  10  0.204157377777E-08  0.239826368612E-08
  38  10 -0.177202492783E-08 -0.630369016687E-08
  39  10  0.619711442988E-09 -0.278497909980E-09
  40  10 -0.524806530335E-08  0.306297957809E-08
  41  10  0.497937398760E-08  0.152630154895E-08
  42  10  0.535861380391E-08  0.687238342207E-08
  43  10  0.287639068994E-09  0.190082204487E-08
  44  10 -0.527890905146E-08 -0.609599880101E-08
  45  10 -0.137244572659E-08 -0.243311339557E-08
  46  10  0.210682920550E-08 -0.749322790659E-09
  47  10  0.640767880606E-08  0.368885720874E-08
  48  10 -0.353158253306E-08  0.304470372243E-08
  49  10 -0.496678001410E-08 -0.387169490565E-09
  50  10 -0.489800180422E-08 -0.357698425480E-09
  11  11  0.460345596486E-07 -0.696661919911E-07
  12  11  0.112503175038E-07 -0.637950484429E-08
  13  11 -0.443869689320E-07 -0.476509581542E-08
  14  11  0.153971144662E-07 -0.390548114445E-07
  15  11 -0.111676539531E-08  0.180996134799E-07
  16  11  0.187574077339E-07 -0.303159386970E-08
  17  11 -0.157356673505E-07  0.106560660466E-07
  18  11 -0.729629739449E-08  0.195213986782E-08
  19  11  0.160443606344E-07  0.996674082899E-08
  20  11  0.138992885123E-07 -0.187706339845E-07
  21  11  0.699303124421E-08 -0.353590485055E-07
  22  11 -0.496077182632E-08 -0.178822816746E-07
  23  11  0.942655126821E-08  0.152386251655E-07
  24  11  0.145280674965E-07  0.187398054812E-07
  25  11  0.123402367913E-08  0.108069191569E-07
  26  11 -0.520384678639E-08  0.212442265369E-08
  27  11  0.198323198058E-08 -0.969054633115E-08
  28  11 -0.298097846913E-08 -0.145945080419E-08
  29  11 -0.596274443372E-08  0.633349535189E-08
  30  11 -0.104043045377E-07  0.107581256336E-07
  31  11  0.693494921509E-09  0.208668059797E-07
  32  11 -0.542044276327E-08  0.758359954180E-08
  33  11  0.243388808198E-08 -0.867070401204E-08
  34  11 -0.382043779022E-08 -0.107830100198E-08
  35  11  0.311352912534E-08 -0.311508383914E-08
  36  11 -0.410039984051E-08  0.475118042706E-08
  37  11  0.113496505806E-08  0.368693816502E-08
  38  11  0.285368399158E-10  0.894470505149E-08
  39  11  0.148793579338E-07 -0.239800026623E-08
  40  11  0.347678102594E-08 -0.416658775205E-08
  41  11  0.512074386950E-08 -0.676354680152E-08
  42  11 -0.810352929454E-09  0.277288229635E-08
  43  11 -0.343517928341E-08  0.595350073393E-08
  44  11 -0.217005195618E-08 -0.109791116279E-08
  45  11  0.114821977730E-08 -0.297387321301E-08
  46  11 -0.367331283690E-08 -0.329875978609E-08
  47  11  0.123520324077E-08 -0.472211880267E-08
  48  11  0.138179954674E-08  0.107320309119E-08
  49  11  0.484062359116E-08  0.223790813950E-08
  50  11 -0.294734872339E-08  0.194786542978E-08
  12  12 -0.249524976790E-08 -0.111781045495E-07
  13  12 -0.312623114905E-07  0.878405241713E-07
  14  12  0.840831554787E-08 -0.311326982911E-07
  15  12 -0.323962201180E-07  0.155242654741E-07
  16  12  0.195400165452E-07  0.666985729417E-08
  17  12  0.288012928344E-07  0.203450628410E-07
  18  12 -0.297449314687E-07 -0.164498032538E-07
  19  12 -0.247109321912E-08  0.916851425618E-08
  20  12 -0.635751534694E-08  0.180260728398E-07
  21  12 -0.319300654693E-08  0.145786836069E-07
  22  12  0.213503394032E-08 -0.796120901563E-08
  23  12  0.163632781365E-07 -0.124098293207E-07
  24  12  0.118970389801E-07 -0.622931455619E-08
  25  12 -0.765147126433E-08  0.117473670666E-07
  26  12 -0.175071068003E-07  0.201973457881E-08
  27  12 -0.113695397694E-07  0.190071376734E-08
  28  12 -0.483489876277E-09  0.964951420153E-08
  29  12 -0.456285654185E-09 -0.501222407103E-08
  30  12  0.171622366526E-07 -0.108456605492E-07
  31  12  0.552868276883E-09  0.452041507450E-08
  32  12 -0.170289162846E-07  0.140808035159E-07
  33  12 -0.233511419266E-08  0.894350956179E-08
  34  12  0.142629388192E-07 -0.460061234668E-08
  35  12  0.810432918470E-08 -0.643233121404E-08
  36  12  0.487219929112E-09 -0.984587298706E-08
  37  12 -0.326020519144E-08 -0.525123415160E-08
  38  12 -0.361316679676E-08 -0.675701103562E-08
  39  12 -0.406775566538E-08  0.893957310618E-08
  40  12  0.654619993499E-08  0.194888258769E-09
  41  12  0.456242446358E-08  0.426151649579E-09
  42  12  0.518835810787E-08 -0.106300817824E-07
  43  12 -0.247269840733E-08  0.192211238592E-08
  44  12 -0.443982773114E-08 -0.218899962028E-08
  45  12 -0.482096139132E-08 -0.234153972874E-08
  46  12 -0.989003427064E-09 -0.770282830431E-09
  47  12  0.104380884117E-07  0.275423531787E-08
  48  12  0.919847450941E-10 -0.383103320584E-08
  49  12 -0.320336622735E-08 -0.202737771662E-08
  50  12 -0.405383007980E-08  0.502391145579E-08
  13  13 -0.612759892822E-07  0.685260710952E-07
  14  13  0.322146531435E-07  0.451897908437E-07
  15  13 -0.283933038957E-07 -0.422069379154E-08
  16  13  0.138196428724E-07  0.102780327111E-08
  17  13  0.165503355474E-07  0.204667857471E-07
  18  13 -0.627913926652E-08 -0.348383863576E-07
  19  13 -0.744716150466E-08 -0.282584537107E-07
  20  13  0.275222516825E-07  0.690889466562E-08
  21  13 -0.189854705662E-07  0.140514594054E-07
  22  13 -0.172632018498E-07  0.197026791308E-07
  23  13 -0.115107746114E-07 -0.484280746951E-08
  24  13 -0.289676006128E-08  0.313249695489E-08
  25  13  0.832309473826E-08 -0.113072551405E-07
  26  13 -0.335773199370E-10  0.150474297037E-08
  27  13 -0.497223751073E-08 -0.414521812752E-08
  28  13  0.164993170360E-08  0.663803715440E-08
  29  13 -0.109096177316E-08 -0.234179695859E-08
  30  13  0.142173530649E-07  0.296807551140E-08
  31  13  0.940389306031E-08  0.466841279566E-08
  32  13  0.402186534962E-08  0.534936552071E-08
  33  13  0.260415349540E-08  0.313806411892E-08
  34  13 -0.356240477926E-08  0.103329675981E-08
  35  13 -0.160869818513E-08  0.302853628162E-08
  36  13 -0.615417672809E-08  0.803180782431E-08
  37  13 -0.153837256969E-09 -0.831445815503E-08
  38  13  0.149005887582E-08 -0.104709964503E-07
  39  13 -0.195236799123E-08 -0.771938129636E-08
  40  13 -0.249110624175E-08 -0.429804060521E-08
  41  13 -0.190350348177E-08  0.424219264977E-08
  42  13  0.696169141686E-09  0.552240231482E-08
  43  13  0.196967287995E-08 -0.346114170271E-08
  44  13  0.253663237946E-08 -0.426750633073E-08
  45  13 -0.491603165557E-08 -0.288945534463E-08
  46  13 -0.547493890563E-08 -0.989798597669E-09
  47  13 -0.271006285985E-08 -0.333561145172E-08
  48  13  0.284445332710E-08  0.167645088786E-08
  49  13  0.249812232136E-08  0.372761846521E-08
  50  13 -0.635514671584E-09  0.139705157988E-08
  14  14 -0.518980679633E-07 -0.481510869266E-08
  15  14  0.519174136634E-08 -0.243752367176E-07
  16  14 -0.193181947580E-07 -0.386175205619E-07
  17  14 -0.141983836169E-07  0.114947959109E-07
  18  14 -0.815601913283E-08 -0.128636524136E-07
  19  14 -0.470499877235E-08 -0.129526799655E-07
  20  14  0.115841156381E-07 -0.143176162517E-07
  21  14  0.203580672839E-07  0.755774723982E-08
  22  14  0.109296974055E-07  0.825282953135E-08
  23  14  0.675322105697E-08 -0.182897453174E-08
  24  14 -0.200006579365E-07 -0.187252295880E-08
  25  14 -0.197042177735E-07  0.653180127750E-08
  26  14  0.796384521674E-08  0.784704828596E-08
  27  14  0.155033850992E-07  0.118821563943E-07
  28  14 -0.823332846750E-08 -0.126939622501E-07
  29  14 -0.323717650782E-08 -0.458306828012E-08
  30  14  0.511504892636E-08  0.807288944778E-08
  31  14 -0.788651280360E-08  0.351951655991E-08
  32  14 -0.544419948762E-08  0.220409960868E-08
  33  14  0.492959191295E-08  0.571205153776E-08
  34  14 -0.250188034547E-08  0.964686882385E-08
  35  14 -0.716510266513E-08 -0.702737896859E-08
  36  14 -0.104141595469E-07 -0.594204295585E-08
  37  14 -0.255036666212E-08 -0.112426403931E-08
  38  14 -0.689357877297E-08  0.394756281857E-08
  39  14 -0.365216851553E-08  0.278767269808E-08
  40  14 -0.531996324822E-09  0.900881739170E-09
  41  14  0.413462829645E-08 -0.122583185775E-08
  42  14 -0.683415317032E-08  0.597532477037E-08
  43  14 -0.566819434369E-08  0.325629582520E-08
  44  14 -0.540774015021E-08 -0.374724918079E-08
  45  14  0.219474358538E-08 -0.506956521437E-08
  46  14 -0.411713817118E-09  0.289966018622E-09
  47  14  0.107597810185E-08  0.479188769952E-09
  48  14 -0.417414957404E-09 -0.520894120878E-09
  49  14  0.634354505879E-09 -0.158167605284E-08
  50  14 -0.379817472675E-08  0.420445966360E-08
  15  15 -0.190930505449E-07 -0.471141107770E-08
  16  15 -0.145148426759E-07 -0.327443318552E-07
  17  15  0.542096877835E-08  0.532609167143E-08
  18  15 -0.405003184006E-07 -0.202685436885E-07
  19  15 -0.176580299626E-07 -0.140351200998E-07
  20  15 -0.260130802908E-07 -0.784415871698E-09
  21  15  0.175530037682E-07  0.104534063126E-07
  22  15  0.258410878209E-07  0.460176440548E-08
  23  15  0.186898176884E-07 -0.360520654577E-08
  24  15  0.610399709832E-08 -0.158957534913E-07
  25  15 -0.435732024345E-08 -0.735148025516E-08
  26  15 -0.132388962403E-07  0.803958171226E-08
  27  15 -0.180056785688E-08  0.117637401671E-08
  28  15 -0.122774730805E-07 -0.197537463531E-08
  29  15 -0.957358986311E-08 -0.677549066151E-08
  30  15  0.210516370053E-09 -0.104541761430E-08
  31  15  0.429955663567E-08 -0.280870392092E-08
  32  15  0.516580927573E-08 -0.874727042882E-08
  33  15 -0.464144714212E-08 -0.347836176953E-08
  34  15  0.375935691888E-09  0.626286387978E-08
  35  15 -0.153690738501E-07  0.875983350221E-08
  36  15  0.954884414895E-09  0.333310127968E-08
  37  15  0.100390785248E-07 -0.942528524262E-09
  38  15  0.272024961792E-08 -0.329453180497E-08
  39  15 -0.549236700354E-08 -0.397726847968E-09
  40  15 -0.495474681643E-08 -0.573614018161E-09
  41  15 -0.124690952435E-08  0.306680947418E-08
  42  15 -0.115267028031E-08  0.635336677116E-08
  43  15  0.354765317639E-08  0.599512570691E-08
  44  15  0.220273805816E-08 -0.638440377719E-08
  45  15 -0.314892620562E-08 -0.150306134830E-11
  46  15 -0.564697949822E-08 -0.233050153334E-08
  47  15 -0.185179423273E-08  0.100741788310E-08
  48  15  0.462181817944E-08  0.174541949936E-08
  49  15 -0.199199120052E-08  0.112774149694E-08
  50  15 -0.340692752315E-08 -0.176526382768E-08
  16  16 -0.379671836009E-07  0.302151219246E-08
  17  16 -0.301992301475E-07  0.365325934141E-08
  18  16  0.104140729975E-07  0.661469894262E-08
  19  16 -0.216950331174E-07 -0.724537671000E-08
  20  16 -0.124137188040E-07 -0.277517162609E-09
  21  16  0.786968575664E-08 -0.656088234005E-08
  22  16  0.141272151427E-09 -0.718237502904E-08
  23  16  0.613840757110E-08  0.110362862698E-07
  24  16  0.888752589497E-08  0.296494201355E-08
  25  16  0.918273366584E-09 -0.128124969103E-07
  26  16  0.129093425276E-08 -0.611434792445E-08
  27  16  0.275728399309E-08  0.278771202282E-08
  28  16 -0.357278446272E-08 -0.135890089538E-07
  29  16  0.137452218491E-08 -0.148645196808E-07
  30  16 -0.108922085484E-07  0.435251180435E-08
  31  16 -0.719430635031E-08  0.611803001922E-08
  32  16  0.414867465575E-08  0.427270530435E-08
  33  16  0.739530170009E-08  0.628614291175E-08
  34  16 -0.145874239283E-08 -0.149381141156E-08
  35  16 -0.689771248757E-08 -0.736827887483E-08
  36  16  0.125504915005E-08 -0.160564371598E-09
  37  16  0.349366392048E-08  0.133918710381E-07
  38  16 -0.538418481352E-08  0.975873936813E-08
  39  16  0.145207490533E-08 -0.185494203829E-08
  40  16 -0.808967055913E-09 -0.332348191203E-08
  41  16 -0.634743840849E-09 -0.430865158498E-08
  42  16  0.271346100063E-08 -0.238502396113E-08
  43  16  0.273305331476E-09  0.277227253995E-09
  44  16  0.456596364955E-08  0.484574674733E-08
  45  16  0.663161987309E-08  0.467558667567E-09
  46  16  0.290740967212E-08  0.543627272897E-08
  47  16 -0.204122561010E-08 -0.774826327524E-09
  48  16  0.855312939968E-09  0.964185642522E-09
  49  16 -0.123335557251E-08 -0.594456693258E-08
  50  16 -0.212579320283E-08 -0.497851217990E-08
  17  17 -0.343086908212E-07 -0.198523899021E-07
  18  17  0.358768857844E-08  0.448065417920E-08
  19  17  0.290445130507E-07 -0.153456191110E-07
  20  17  0.436907760018E-08 -0.137420399253E-07
  21  17 -0.699484538546E-08 -0.736065694095E-08
  22  17  0.889296184234E-08 -0.145618208568E-07
  23  17 -0.553719277613E-08 -0.128459161402E-07
  24  17 -0.119629765128E-07 -0.582075557091E-08
  25  17 -0.152176310416E-07 -0.321282731130E-08
  26  17 -0.124494195671E-07  0.780771649870E-08
  27  17  0.379281180319E-08  0.314981214952E-09
  28  17  0.133742724638E-07 -0.472371852776E-08
  29  17 -0.157661643184E-08 -0.392507481675E-08
  30  17 -0.614381423899E-08 -0.603142287370E-08
  31  17 -0.253823909486E-08  0.683007321393E-08
  32  17 -0.646859124227E-08  0.101916382107E-07
  33  17 -0.573065178382E-08  0.128779104096E-07
  34  17 -0.473747572794E-08  0.393699425514E-08
  35  17  0.703763291000E-09 -0.882920519023E-08
  36  17  0.495066798422E-08 -0.865313904931E-08
  37  17  0.553414663264E-08 -0.422815564268E-08
  38  17  0.389428248250E-08  0.201424755078E-08
  39  17 -0.846833401190E-09 -0.146955788520E-08
  40  17  0.113077126510E-08  0.187448666364E-08
  41  17 -0.206876743576E-08  0.354231883685E-08
  42  17 -0.179870340452E-08 -0.410982058213E-08
  43  17  0.394233050029E-08 -0.453196910170E-08
  44  17  0.441544250287E-08  0.154202916916E-08
  45  17  0.249597681851E-08 -0.167689866176E-08
  46  17 -0.372823791859E-08 -0.668409205639E-09
  47  17 -0.185094719821E-08  0.470534731929E-08
  48  17  0.103881743860E-08  0.358612677606E-08
  49  17 -0.265699674139E-08 -0.610248136122E-09
  50  17  0.169421954143E-09 -0.384471401967E-08
  18  18  0.312349945147E-08 -0.109906073134E-07
  19  18  0.348382456067E-07 -0.954142257532E-08
  20  18  0.151843135679E-07 -0.808429479657E-09
  21  18  0.259643262670E-07 -0.111560501015E-07
  22  18  0.105047655038E-07 -0.164271230030E-07
  23  18  0.843364575852E-08 -0.149115872425E-07
  24  18 -0.652622533210E-09 -0.101332490035E-07
  25  18  0.121903975581E-08 -0.149040532149E-07
  26  18 -0.130317490138E-07  0.499987140042E-08
  27  18 -0.287145022825E-08  0.744189117345E-08
  28  18  0.562533599061E-08 -0.387230715111E-08
  29  18 -0.367596121026E-08 -0.258550351764E-08
  30  18 -0.111149209060E-07 -0.765524473970E-08
  31  18 -0.602099215965E-09 -0.204187455701E-08
  32  18  0.127286240137E-07 -0.112134910498E-08
  33  18 -0.974286014620E-08 -0.189599378081E-08
  34  18 -0.147488569318E-07 -0.538199679680E-08
  35  18 -0.555245649836E-08 -0.114710498988E-07
  36  18  0.177183136333E-08  0.446033171771E-08
  37  18  0.173315352391E-08  0.380531453704E-08
  38  18  0.100538840434E-07 -0.261646514164E-08
  39  18  0.271276508419E-08 -0.867582155955E-09
  40  18 -0.441872882894E-09  0.715397971787E-09
  41  18 -0.225848136161E-08  0.438915970928E-08
  42  18 -0.131441849181E-07  0.178799441197E-08
  43  18 -0.366328710768E-08 -0.514115202566E-08
  44  18  0.567907023398E-08 -0.417558459261E-08
  45  18  0.245468571231E-08 -0.428899173354E-08
  46  18  0.254615533233E-08 -0.515577414337E-08
  47  18 -0.175665691231E-08  0.751633228513E-08
  48  18 -0.651835295096E-09  0.174602542877E-08
  49  18 -0.131401966089E-08 -0.243782415515E-08
  50  18  0.636891605883E-09 -0.449880934381E-08
  19  19 -0.257352781794E-08  0.483151030310E-08
  20  19 -0.314939921594E-08  0.106504951683E-07
  21  19 -0.273741783988E-07  0.163957550942E-07
  22  19  0.141305565520E-07 -0.384536159243E-08
  23  19 -0.520850160511E-08  0.107789351324E-07
  24  19 -0.438893986873E-08 -0.814554925639E-08
  25  19  0.777586787233E-08  0.992519904374E-08
  26  19 -0.205808224612E-08  0.354394372889E-08
  27  19 -0.326514727131E-09 -0.293243481367E-08
  28  19  0.577101814585E-08  0.235011888534E-07
  29  19 -0.630046249606E-08  0.586838388023E-08
  30  19 -0.129673983256E-07  0.242003368958E-08
  31  19  0.289084623895E-08  0.443976634594E-08
  32  19  0.755191812501E-09 -0.277546244837E-08
  33  19  0.852446725845E-08  0.207563465658E-08
  34  19 -0.359839767419E-08  0.715301683153E-08
  35  19 -0.107111823120E-08 -0.341854423475E-08
  36  19 -0.525147978961E-08 -0.665320390674E-08
  37  19 -0.674770959452E-08 -0.573509355923E-09
  38  19  0.992882476583E-09 -0.615050072276E-09
  39  19  0.511239956398E-08  0.624728094925E-08
  40  19 -0.231075579463E-08  0.740674637700E-09
  41  19 -0.287905186680E-08 -0.698558243242E-09
  42  19 -0.280885085658E-08 -0.588853391590E-08
  43  19 -0.435165412055E-08 -0.709816167403E-08
  44  19 -0.673444082009E-09 -0.467190683027E-08
  45  19 -0.513136906102E-08 -0.221316291553E-08
  46  19 -0.509312708663E-09 -0.219143622405E-08
  47  19  0.257958310525E-08  0.390203701249E-08
  48  19 -0.227429638015E-08  0.471977925536E-08
  49  19 -0.229688446141E-08 -0.494179762007E-09
  50  19  0.643389538216E-09  0.315530041290E-10
  20  20  0.401448073479E-08 -0.120450599800E-07
  21  20 -0.268682526451E-07  0.162085496902E-07
  22  20 -0.167618233749E-07  0.199561219816E-07
  23  20  0.860435858920E-08 -0.534641978862E-08
  24  20 -0.517554758889E-08  0.890353897798E-08
  25  20 -0.750856021545E-08 -0.562854754920E-09
  26  20  0.655954240252E-08 -0.116877889522E-07
  27  20 -0.855195555150E-09  0.347616449298E-08
  28  20 -0.115922942923E-08  0.662939964490E-08
  29  20 -0.796446137803E-08  0.574240789029E-08
  30  20 -0.489262853986E-08  0.127655582289E-07
  31  20 -0.175733373213E-08  0.564081756466E-08
  32  20  0.381610220746E-08  0.319542695163E-09
  33  20 -0.332626394969E-08 -0.777690551358E-08
  34  20  0.364468433598E-08 -0.101824110329E-07
  35  20  0.992690562896E-09 -0.113566312345E-09
  36  20 -0.603794109312E-08  0.352626288407E-08
  37  20 -0.721680744078E-08 -0.101105415746E-08
  38  20  0.403103945786E-08 -0.209498467784E-08
  39  20 -0.646088495173E-10 -0.992883175809E-08
  40  20 -0.789938014839E-08  0.698433050780E-08
  41  20 -0.222610835575E-08 -0.684346887318E-09
  42  20  0.567492260647E-08  0.640799469555E-09
  43  20 -0.695759564103E-09  0.354061714021E-09
  44  20 -0.456159853487E-09  0.630314271712E-09
  45  20  0.556074519406E-08  0.414250796675E-08
  46  20 -0.326046085785E-08 -0.445893914887E-08
  47  20 -0.111333679004E-07  0.196917839105E-09
  48  20 -0.525896748690E-08  0.505946342593E-08
  49  20  0.466870755375E-08  0.307138344495E-09
  50  20  0.208558715290E-08 -0.237193424394E-08
  21  21  0.830374332983E-08 -0.375545647928E-08
  22  21 -0.250949212743E-07  0.236151004260E-07
  23  21  0.154577765934E-07  0.115333767470E-07
  24  21  0.603435411238E-08  0.140116087608E-07
  25  21  0.107232596042E-07  0.816092742490E-08
  26  21 -0.870039460781E-08  0.168219658014E-08
  27  21  0.486879105953E-08 -0.708724796450E-08
  28  21  0.663152422227E-08  0.633202695073E-08
  29  21 -0.987263374000E-08 -0.551701761683E-08
  30  21 -0.106284611628E-07 -0.597537722456E-08
  31  21 -0.967144844037E-08  0.709356475683E-08
  32  21 -0.233264920014E-08  0.116411753284E-07
  33  21  0.938760495465E-09  0.817788887565E-09
  34  21 -0.981974409446E-09 -0.742167347557E-08
  35  21  0.129333826944E-07 -0.817643270701E-09
  36  21  0.106908977841E-07 -0.567947140514E-08
  37  21  0.147580040190E-08 -0.150807732509E-08
  38  21 -0.162423796837E-08  0.392737957556E-08
  39  21 -0.516093935781E-08  0.194235807711E-08
  40  21 -0.441474686351E-08 -0.644045678914E-09
  41  21 -0.135557750651E-08 -0.386965926574E-08
  42  21  0.241506070581E-08 -0.560737251421E-08
  43  21  0.389993674933E-08  0.495535049499E-08
  44  21 -0.737736715260E-08  0.198644185945E-09
  45  21 -0.346909579409E-08 -0.558880357521E-09
  46  21 -0.544320675827E-08  0.486392517941E-08
  47  21 -0.599568529027E-08  0.111121695649E-09
  48  21  0.419948367810E-09 -0.337395135501E-08
  49  21 -0.208988907100E-08 -0.588434783630E-08
  50  21 -0.627545235505E-09 -0.881916169312E-09
  22  22 -0.959598776536E-08  0.249859217022E-08
  23  22 -0.178417483435E-07  0.433091654746E-08
  24  22  0.393640251478E-08 -0.428325372048E-08
  25  22 -0.139902287118E-07  0.358543446786E-08
  26  22  0.101580361556E-07  0.754362143169E-08
  27  22 -0.574333869100E-08  0.290055148058E-08
  28  22 -0.194229235103E-08 -0.733726497040E-08
  29  22  0.115574882768E-07 -0.147660132998E-08
  30  22 -0.483762657967E-08 -0.937721440038E-08
  31  22 -0.905310900539E-08 -0.118308526573E-07
  32  22 -0.120880726605E-07 -0.272693287007E-08
  33  22 -0.105439685420E-07 -0.156190337189E-07
  34  22 -0.318152637357E-08  0.336619766483E-08
  35  22  0.751478287498E-08  0.572299902169E-08
  36  22  0.321356929040E-08  0.161233980818E-08
  37  22  0.649538993967E-08  0.288666318805E-09
  38  22  0.102705206614E-08  0.786969719417E-08
  39  22 -0.671243645224E-08 -0.806127108329E-09
  40  22 -0.147137722214E-07 -0.157204220763E-07
  41  22 -0.108213683743E-07 -0.318903065663E-08
  42  22  0.151380691687E-08 -0.340250996373E-08
  43  22  0.692777688708E-08 -0.196608813078E-08
  44  22  0.692876142496E-08  0.207110589295E-08
  45  22  0.318547586921E-08  0.502694674225E-08
  46  22  0.601189707468E-08  0.118540556868E-08
  47  22 -0.756627181621E-08 -0.965226735763E-09
  48  22 -0.746741123691E-08  0.278687251965E-08
  49  22  0.191122120773E-09  0.443491239139E-08
  50  22  0.261748797811E-08 -0.496030211344E-09
  23  23  0.285393508774E-08 -0.113232951855E-07
  24  23 -0.614284393780E-08 -0.869267252116E-08
  25  23  0.840272622335E-08 -0.123338301627E-07
  26  23  0.124101790313E-08  0.108580200069E-07
  27  23 -0.541031067175E-08 -0.110452415845E-07
  28  23  0.620156911828E-08  0.261204030918E-08
  29  23 -0.184576842331E-08  0.263545657902E-08
  30  23  0.574117093402E-08 -0.103755956990E-07
  31  23  0.832232639727E-08  0.451775995404E-08
  32  23  0.818681189416E-08 -0.233548104650E-08
  33  23  0.115901052963E-09 -0.101356390048E-07
  34  23 -0.112971596550E-08 -0.118982081022E-07
  35  23 -0.816391164883E-08 -0.222443948147E-08
  36  23 -0.361155413351E-09  0.274892177637E-08
  37  23 -0.505600141015E-09  0.415991587902E-08
  38  23 -0.177955679957E-08  0.541737386863E-08
  39  23 -0.322922483749E-08  0.592701371969E-08
  40  23 -0.625548474133E-09 -0.123258428552E-07
  41  23  0.905835929506E-09 -0.156188062378E-07
  42  23 -0.327844817779E-08 -0.563631723169E-08
  43  23  0.467104499797E-09 -0.608056415534E-08
  44  23  0.101549167424E-08  0.964944552826E-08
  45  23  0.222520414707E-08  0.515834638830E-08
  46  23  0.249812994743E-08  0.472264674807E-08
  47  23  0.309666050919E-08  0.994937229136E-09
  48  23 -0.206870503827E-08 -0.240698806946E-08
  49  23  0.299870028580E-08 -0.106378375988E-08
  50  23 -0.167352129310E-08 -0.558352122665E-08
  24  24  0.123903808253E-07 -0.375058485189E-08
  25  24  0.412446929098E-08 -0.830715160906E-08
  26  24  0.858616942906E-08  0.148288622352E-07
  27  24  0.416945743076E-09 -0.180036168514E-08
  28  24  0.111186564674E-07 -0.135606254437E-07
  29  24  0.342205479663E-09 -0.238229678046E-08
  30  24 -0.235236699135E-08 -0.275909985737E-08
  31  24 -0.281563167861E-08 -0.334370674974E-08
  32  24 -0.355037142690E-08  0.654835481066E-09
  33  24  0.111416244724E-07 -0.857151833689E-08
  34  24  0.878077280650E-08  0.420436931134E-08
  35  24  0.278433359148E-08  0.638498001011E-08
  36  24  0.210663252899E-08 -0.424514616551E-08
  37  24 -0.828155792458E-08 -0.873191450779E-08
  38  24 -0.127705462329E-07  0.114581570558E-08
  39  24 -0.101882535293E-07  0.775026151951E-08
  40  24  0.404205735945E-08  0.383296712925E-08
  41  24  0.616778176786E-08 -0.160878045484E-08
  42  24  0.482255727831E-08  0.120939195277E-08
  43  24  0.638613794515E-08 -0.171183424362E-08
  44  24  0.301928288830E-09 -0.651343205425E-08
  45  24 -0.110386546588E-07  0.466293157320E-08
  46  24 -0.467892360469E-08 -0.301743278613E-09
  47  24 -0.117285565416E-08 -0.113224258140E-08
  48  24 -0.428478403073E-08 -0.929233212742E-09
  49  24  0.435994966979E-08  0.142679569631E-08
  50  24  0.104263243987E-07  0.532861739801E-10
  25  25  0.107484211738E-07  0.472370855370E-08
  26  25  0.393441096894E-08 -0.597782973276E-09
  27  25  0.122815400372E-07  0.562428696150E-08
  28  25  0.729499054104E-08 -0.176041280613E-07
  29  25  0.585863566845E-08  0.868333520370E-08
  30  25  0.304430637617E-08 -0.154853369023E-07
  31  25 -0.164574301016E-07 -0.220464477257E-08
  32  25 -0.189374978705E-07 -0.643434712842E-08
  33  25  0.524731689319E-08 -0.104941468646E-07
  34  25  0.841100442455E-08 -0.986300946205E-08
  35  25  0.716858838112E-08  0.199781786791E-08
  36  25  0.434975926549E-08  0.156071493819E-07
  37  25  0.666434844335E-08 -0.198484503503E-08
  38  25 -0.269917312346E-08 -0.226422593084E-08
  39  25 -0.512841298307E-08 -0.630013838615E-08
  40  25  0.406296654924E-09 -0.416802577982E-08
  41  25  0.353849429770E-09  0.305985544699E-08
  42  25 -0.425448588266E-08  0.434303613323E-08
  43  25  0.422000715221E-09  0.320173517890E-08
  44  25  0.290361151663E-08  0.110661281332E-08
  45  25  0.818639962751E-08 -0.338118747115E-08
  46  25  0.411820074125E-08 -0.798075774629E-08
  47  25 -0.264539821154E-08 -0.991887496577E-08
  48  25 -0.313816159168E-08  0.353850933144E-09
  49  25 -0.460157473189E-08  0.538502068481E-08
  50  25  0.458248004188E-08  0.339770392719E-08
  26  26  0.393169585171E-09  0.193894322917E-08
  27  26 -0.659498136744E-08 -0.222839752743E-08
  28  26  0.123085130024E-07  0.389255897714E-08
  29  26  0.787041968368E-08 -0.692233106732E-08
  30  26  0.122148610928E-08  0.124069573042E-07
  31  26 -0.126653097320E-07  0.159185449167E-08
  32  26  0.522534913438E-08 -0.368855016604E-08
  33  26  0.109589661786E-07  0.454043293507E-08
  34  26  0.399966600294E-08 -0.129359976445E-07
  35  26 -0.470300057098E-08  0.461485609923E-08
  36  26  0.368761670043E-08  0.937175570837E-08
  37  26  0.487665743965E-08  0.104852830246E-07
  38  26 -0.273518463933E-08  0.615997827809E-08
  39  26 -0.382454664360E-08  0.865863514249E-08
  40  26  0.677364189513E-08 -0.463295607962E-08
  41  26  0.754850119312E-08 -0.845785913740E-08
  42  26 -0.178152935963E-08 -0.625459632920E-08
  43  26 -0.349776280186E-08  0.357143879439E-08
  44  26 -0.447876208205E-08  0.127890132864E-08
  45  26 -0.217831305471E-08  0.590421787080E-08
  46  26  0.390443273255E-08  0.109137960976E-07
  47  26  0.839719257297E-08  0.293038482883E-09
  48  26  0.675334681328E-09 -0.581366411970E-08
  49  26 -0.784845853195E-08 -0.976950512790E-09
  50  26 -0.848728978327E-08 -0.181084933866E-08
  27  27  0.760066372952E-08  0.692396885177E-09
  28  27 -0.811973616857E-08  0.130277730748E-08
  29  27 -0.798310849816E-08 -0.101903654887E-08
  30  27 -0.795067072537E-08  0.127529162965E-07
  31  27 -0.134954319078E-08  0.107507781131E-07
  32  27 -0.453739936060E-08 -0.668077328313E-08
  33  27 -0.132773895953E-08  0.126154619568E-08
  34  27  0.131566262844E-07 -0.391134561317E-08
  35  27  0.109602416612E-07 -0.133812571394E-07
  36  27 -0.791232207609E-08  0.882993920994E-08
  37  27 -0.553507844813E-08  0.440041024597E-08
  38  27 -0.192194535749E-08  0.873979419877E-08
  39  27 -0.822525229691E-08 -0.201290795316E-08
  40  27 -0.196935687980E-08  0.167789477910E-08
  41  27  0.164116451874E-08 -0.405584114631E-09
  42  27  0.806049565044E-08 -0.234472782023E-08
  43  27  0.434888359430E-08  0.900000273202E-09
  44  27  0.251551249973E-08 -0.277042233037E-08
  45  27 -0.637212815228E-08  0.342673429791E-09
  46  27 -0.231459854352E-08 -0.131244086125E-09
  47  27 -0.610514094828E-08 -0.263191350506E-08
  48  27 -0.814263181252E-08  0.475299119399E-08
  49  27 -0.304319155990E-08  0.274869916740E-08
  50  27  0.547669612761E-08 -0.251695452136E-08
  28  28  0.698723811443E-08  0.680527682608E-08
  29  28  0.973355068204E-08 -0.571291334972E-08
  30  28 -0.547118242905E-08 -0.796007060806E-08
  31  28  0.104226802552E-07  0.280725793526E-08
  32  28  0.165307824886E-08 -0.573128574562E-08
  33  28  0.175942337567E-08 -0.102060870209E-08
  34  28 -0.165280841670E-09 -0.200370733841E-07
  35  28  0.788164238403E-08 -0.153672975571E-07
  36  28  0.222639743261E-08 -0.434375080150E-08
  37  28  0.127111241548E-07  0.398529428916E-08
  38  28 -0.482196712158E-08 -0.518926915129E-08
  39  28 -0.282375211806E-08 -0.106636559637E-07
  40  28  0.202301944226E-08  0.702745103481E-08
  41  28 -0.165097536291E-08 -0.469639030913E-08
  42  28 -0.352265522382E-08  0.196483184889E-08
  43  28 -0.957735673361E-09  0.792897119198E-08
  44  28 -0.905681110756E-09  0.554495453666E-08
  45  28  0.555768352256E-08 -0.153472687566E-09
  46  28 -0.512496727843E-09 -0.528211721558E-08
  47  28  0.167059268131E-08 -0.684528297347E-08
  48  28  0.619128700643E-09 -0.745018409206E-08
  49  28 -0.323015981438E-08 -0.112284873186E-07
  50  28 -0.744634120541E-09  0.558608265781E-08
  29  29  0.128225053721E-07 -0.501545673457E-08
  30  29  0.415922151073E-08  0.189490463855E-08
  31  29 -0.158126018869E-08 -0.218248340155E-08
  32  29  0.432768397462E-08  0.288182954566E-08
  33  29 -0.163075106636E-07  0.572187950012E-08
  34  29  0.708152791368E-08 -0.431563015397E-08
  35  29  0.770785979216E-08  0.340140607490E-08
  36  29  0.184513220087E-08  0.207320310605E-09
  37  29  0.469345699706E-08  0.680042981937E-08
  38  29  0.633489963802E-08  0.327120634097E-08
  39  29 -0.216514022666E-09 -0.306412411419E-08
  40  29  0.244542732768E-08  0.215389052584E-08
  41  29 -0.544380945323E-08  0.637657598728E-08
  42  29 -0.652976070698E-08 -0.127866463299E-08
  43  29 -0.105148839034E-08  0.114886493427E-08
  44  29 -0.698866910427E-08  0.449025389373E-08
  45  29 -0.756150880614E-08 -0.252009628803E-08
  46  29 -0.220882297137E-08 -0.210749765071E-08
  47  29  0.586652756175E-08  0.140051252929E-10
  48  29  0.208272135345E-08 -0.670726205869E-08
  49  29  0.664102199451E-09 -0.571682629994E-09
  50  29  0.606024857251E-08  0.280947945381E-08
  30  30  0.264793911750E-08  0.812995068741E-08
  31  30 -0.947398190890E-09 -0.778077650520E-08
  32  30 -0.674806767794E-08  0.139344239179E-08
  33  30 -0.156971235311E-08 -0.184579382912E-07
  34  30 -0.205666206982E-07 -0.586992084744E-09
  35  30 -0.405192921081E-08  0.287368369198E-08
  36  30 -0.100411710657E-07  0.605410552650E-08
  37  30 -0.895072890305E-08  0.125778575146E-07
  38  30 -0.128141875020E-09  0.216956087767E-08
  39  30  0.439104212249E-08 -0.105144175768E-07
  40  30  0.111148785456E-09  0.106053135177E-08
  41  30  0.222403144563E-08 -0.431026615518E-09
  42  30  0.296168929187E-08  0.145347413349E-08
  43  30 -0.103596721332E-07 -0.823491757647E-08
  44  30  0.478980980704E-08  0.182144642073E-08
  45  30 -0.178204838628E-08 -0.116577652696E-09
  46  30 -0.525779573442E-08 -0.785076786318E-08
  47  30 -0.242055424333E-08  0.245903755787E-08
  48  30 -0.121014247954E-08 -0.135952936062E-08
  49  30  0.248126380251E-08  0.285895232012E-08
  50  30  0.431967713480E-08  0.641394484776E-08
  31  31 -0.859192226354E-08 -0.185202535615E-08
  32  31 -0.626741679082E-08 -0.218496609739E-09
  33  31  0.469480524661E-08  0.102291342556E-08
  34  31 -0.457410637794E-08 -0.160854832948E-08
  35  31  0.784136340102E-08  0.404128251245E-08
  36  31 -0.839083699912E-08 -0.554051081629E-08
  37  31  0.375471444645E-08 -0.924204364882E-08
  38  31  0.387665244855E-08 -0.768253618432E-08
  39  31  0.143582901508E-08 -0.113155087829E-07
  40  31 -0.607984421159E-08 -0.140702715625E-08
  41  31  0.107361927043E-07  0.105557896156E-08
  42  31  0.522771838842E-08  0.484295212533E-08
  43  31 -0.453704796324E-08 -0.868513020527E-09
  44  31 -0.634626490114E-09  0.265128747543E-08
  45  31 -0.181645598682E-08 -0.489660594518E-08
  46  31 -0.242155028047E-08  0.885251505041E-10
  47  31  0.519758675579E-09  0.951714964967E-09
  48  31  0.218935933217E-09 -0.384587540190E-08
  49  31 -0.248672128015E-09 -0.618384798634E-08
  50  31 -0.284621860683E-08  0.588801200052E-08
  32  32  0.339756326885E-08  0.142646578191E-08
  33  32  0.656775110527E-08 -0.439710690579E-08
  34  32  0.914033347365E-08  0.231648149715E-08
  35  32 -0.316266632320E-08 -0.741859776838E-08
  36  32  0.125654163731E-07  0.230482202762E-08
  37  32 -0.369510740803E-10  0.399719635446E-08
  38  32  0.828751977252E-08  0.178694633448E-08
  39  32  0.309631044020E-08  0.555655990005E-08
  40  32 -0.242533972668E-08 -0.577396283272E-08
  41  32 -0.267268818891E-08  0.389644366732E-08
  42  32  0.700966941082E-08  0.521636326447E-08
  43  32 -0.364072766124E-08  0.535143085606E-08
  44  32 -0.423584472494E-08  0.798186904108E-09
  45  32 -0.217319583009E-08 -0.298138246306E-08
  46  32 -0.170075593566E-08 -0.312036533687E-08
  47  32 -0.160021142006E-08 -0.157191484594E-09
  48  32  0.175493318652E-08 -0.171733841810E-08
  49  32  0.137338217296E-08 -0.566667226565E-08
  50  32 -0.162498620440E-08  0.205645636407E-08
  33  33 -0.152045357512E-08  0.831263005407E-08
  34  33  0.137617828210E-07  0.435475559847E-08
  35  33  0.586099475925E-08 -0.307737375333E-08
  36  33  0.389957848620E-08 -0.350341325806E-08
  37  33  0.181882075412E-08 -0.166497493009E-07
  38  33  0.252380832871E-08  0.142558880210E-07
  39  33 -0.555441700506E-08  0.356220347596E-08
  40  33 -0.150935538968E-08 -0.912841259541E-09
  41  33 -0.334123991100E-08  0.105367476655E-07
  42  33  0.568418525532E-08  0.582093421147E-08
  43  33  0.605008889838E-08 -0.114064420692E-08
  44  33 -0.375670888524E-08  0.289948681995E-09
  45  33 -0.167786260353E-08 -0.276303402237E-08
  46  33  0.149941246520E-07 -0.289373911276E-09
  47  33 -0.466271806448E-08  0.269391181309E-08
  48  33  0.203033481074E-08 -0.119201333730E-09
  49  33  0.151078943737E-08 -0.185275200322E-08
  50  33 -0.460524235027E-08 -0.282172448943E-08
  34  34 -0.854012535351E-08  0.165363714308E-08
  35  34 -0.121631736389E-08  0.266718178227E-08
  36  34 -0.908692610302E-08  0.435774999515E-08
  37  34  0.260761878520E-08  0.518786134745E-09
  38  34 -0.955299251090E-08  0.328270592313E-08
  39  34 -0.198690408431E-08  0.336651016907E-08
  40  34  0.678277851251E-09  0.966300158292E-09
  41  34 -0.288896171541E-08  0.405910476822E-08
  42  34  0.249130428094E-08  0.111560909962E-07
  43  34  0.298958094078E-08  0.416169792896E-09
  44  34 -0.334591865724E-08  0.590110450402E-08
  45  34 -0.245869969006E-08  0.610049175282E-08
  46  34 -0.177925935290E-08  0.403871037464E-08
  47  34  0.186439046845E-08  0.368746309346E-08
  48  34  0.736308929394E-09  0.724880607240E-08
  49  34  0.448621604115E-08 -0.535432832094E-09
  50  34 -0.846639104949E-09 -0.272923750688E-08
  35  35 -0.587865968261E-08 -0.501231135692E-08
  36  35 -0.138768702565E-09 -0.125527276535E-07
  37  35 -0.101969071332E-07 -0.848168213579E-08
  38  35  0.480924552686E-08  0.233836238508E-08
  39  35 -0.136024839014E-07  0.222277259900E-08
  40  35  0.762264064935E-08 -0.842033968286E-08
  41  35 -0.137509235919E-07  0.284443375491E-08
  42  35 -0.542518585023E-08 -0.114424353419E-08
  43  35 -0.128809800914E-08  0.550582500177E-08
  44  35 -0.742206633914E-08 -0.312654616800E-08
  45  35 -0.725162661618E-08  0.714793258720E-08
  46  35 -0.642884407302E-08  0.961556256958E-09
  47  35 -0.909257666441E-08  0.108681994666E-08
  48  35 -0.546002907811E-08  0.126319564126E-08
  49  35  0.284133656473E-08  0.553606607769E-08
  50  35  0.119140609444E-08  0.206782473417E-10
  36  36  0.460146482362E-08 -0.594243652124E-08
  37  36 -0.357375896084E-08 -0.480022527498E-08
  38  36  0.115089551080E-08 -0.684243052400E-09
  39  36  0.380533331182E-08 -0.345300160160E-08
  40  36  0.476303379880E-08  0.509937152988E-08
  41  36  0.363763246049E-08 -0.362427666235E-08
  42  36  0.443062282149E-08 -0.540157571132E-08
  43  36  0.652901534270E-09 -0.362995813821E-08
  44  36  0.353468202623E-08 -0.750791768486E-08
  45  36 -0.831523184298E-08  0.691469663918E-08
  46  36 -0.262782834982E-09 -0.229487175465E-08
  47  36  0.740830568281E-08 -0.434687724416E-08
  48  36 -0.457823705248E-08 -0.644857591694E-09
  49  36 -0.473461237218E-08  0.577790019796E-09
  50  36  0.213613442426E-10  0.450952040897E-10
  37  37  0.600402877091E-08 -0.434136713244E-08
  38  37 -0.340979957387E-08  0.206991169390E-08
  39  37  0.132325309747E-08 -0.453704819618E-08
  40  37 -0.593198842582E-08  0.163779455742E-08
  41  37  0.180751060127E-08 -0.108907462118E-07
  42  37 -0.590538265869E-08  0.238444470177E-08
  43  37  0.317341786094E-08  0.601148734812E-08
  44  37  0.977741081136E-08  0.749178191906E-08
  45  37 -0.590076481443E-08  0.386507648117E-08
  46  37 -0.372935091211E-08  0.620600993297E-08
  47  37  0.822769819417E-08  0.165698055194E-08
  48  37 -0.177865933066E-08 -0.454305671042E-08
  49  37 -0.100376425251E-08  0.927889387902E-09
  50  37 -0.733836103744E-09 -0.141287701298E-08
  38  38  0.306350335061E-08 -0.213887857672E-08
  39  38 -0.149992083794E-08  0.644709016754E-08
  40  38  0.443670410661E-09  0.445230175549E-08
  41  38 -0.105887895701E-07 -0.538242613662E-09
  42  38  0.261879274953E-08 -0.131646042181E-07
  43  38 -0.581897391106E-08  0.174790664223E-09
  44  38  0.450525548862E-08 -0.607720162250E-08
  45  38 -0.457576135630E-08  0.351993792844E-08
  46  38 -0.623587491484E-08 -0.284458286977E-08
  47  38  0.647652850344E-10  0.136946172062E-08
  48  38 -0.873546558971E-08 -0.103196809520E-08
  49  38  0.310298142341E-08 -0.241250088941E-08
  50  38 -0.102408907473E-08 -0.563553101342E-08
  39  39 -0.875285629419E-09  0.132471631519E-08
  40  39  0.673135998773E-08  0.318216978496E-08
  41  39 -0.523875335723E-08 -0.306103568855E-08
  42  39  0.431136011134E-08  0.102533362657E-07
  43  39  0.496325549675E-08 -0.239547842794E-08
  44  39  0.682721253818E-08  0.267194017921E-08
  45  39 -0.235176749110E-09 -0.814245587186E-08
  46  39  0.790168677598E-08 -0.670674640138E-09
  47  39 -0.185453586509E-08  0.766986026143E-08
  48  39  0.512228960155E-08 -0.869536063122E-08
  49  39  0.282834377285E-08  0.226214558428E-08
  50  39 -0.529543551494E-08  0.919456677731E-08
  40  40 -0.112228256506E-08 -0.225897831756E-09
  41  40  0.421973306213E-08 -0.481843281815E-08
  42  40  0.148072021276E-08 -0.290014087979E-08
  43  40  0.115985732202E-07  0.503704231812E-10
  44  40 -0.360231891505E-08  0.743637895964E-08
  45  40  0.412960577285E-08 -0.333151467247E-08
  46  40  0.117802651251E-08 -0.117882859707E-08
  47  40 -0.850175151133E-08  0.789170366690E-08
  48  40  0.143382539875E-08  0.495030445868E-08
  49  40 -0.176894225336E-08  0.190524120651E-08
  50  40  0.287484504505E-08  0.634129951981E-08
  41  41  0.433047907984E-08  0.711602779090E-08
  42  41  0.146208844935E-08  0.215666040391E-10
  43  41 -0.316789542359E-08  0.312471463864E-08
  44  41  0.305920672580E-08 -0.219974225398E-08
  45  41  0.115176860738E-08  0.123563018016E-08
  46  41 -0.370527914740E-09 -0.522405292513E-08
  47  41 -0.368938103515E-08  0.490095823200E-08
  48  41 -0.236086638769E-08 -0.976362425893E-08
  49  41 -0.178870303036E-08 -0.147481513905E-08
  50  41 -0.635870935490E-08 -0.496650096231E-08
  42  42 -0.717897114687E-08  0.305773479205E-08
  43  42 -0.744033095613E-08  0.427831748896E-08
  44  42 -0.804763302722E-09 -0.748823846857E-09
  45  42 -0.147949011910E-08 -0.119573389797E-07
  46  42  0.959267929547E-09  0.655323711012E-08
  47  42 -0.159038470440E-08 -0.552448870331E-08
  48  42  0.191872738118E-08  0.284549786953E-08
  49  42 -0.288797243469E-08 -0.484073770608E-09
  50  42  0.569965281268E-08 -0.409662215480E-08
  43  43 -0.208473198988E-08 -0.896658823652E-08
  44  43  0.263802737287E-08 -0.300615463514E-08
  45  43  0.429206622534E-08  0.241698183961E-08
  46  43 -0.240856707186E-08  0.117616053615E-07
  47  43  0.223824184170E-08  0.273412132213E-08
  48  43  0.486937415199E-08  0.583862415330E-08
  49  43  0.504559671146E-08 -0.687854183256E-08
  50  43 -0.525668543404E-09 -0.239744011463E-08
  44  44  0.302914506989E-08 -0.161646557159E-08
  45  44  0.116895892599E-07  0.379341861037E-08
  46  44  0.223575387363E-08 -0.322855792118E-08
  47  44 -0.341316878331E-08  0.104347111910E-07
  48  44  0.653866104722E-09 -0.120853856273E-09
  49  44  0.593480992376E-08  0.810529192114E-08
  50  44  0.810855933080E-10 -0.104561270769E-08
  45  45 -0.211612131537E-08 -0.186276338124E-09
  46  45 -0.171784675634E-08  0.566851728176E-08
  47  45  0.621033558938E-08  0.230264510476E-08
  48  45  0.562860923982E-08  0.473511532725E-08
  49  45  0.878309919421E-09 -0.154628162851E-08
  50  45 -0.314927104581E-08  0.512174002444E-08
  46  46 -0.419107435204E-09 -0.296575026828E-08
  47  46 -0.258583774283E-09 -0.432960644024E-08
  48  46 -0.368921022071E-08  0.875443371979E-08
  49  46  0.332223941519E-08  0.132065685033E-08
  50  46 -0.425353098068E-08  0.183309510071E-08
  47  47  0.328879168312E-08 -0.501440231639E-08
  48  47  0.319160538409E-08  0.452956166325E-08
  49  47  0.219546257169E-08  0.445597380744E-09
  50  47 -0.560343090874E-08 -0.112656533770E-07
  48  48  0.609574505302E-08 -0.146001461251E-08
  49  48 -0.319934555739E-08  0.529795161390E-09
  50  48  0.953314067233E-09 -0.302730766546E-09
  49  49  0.353297988438E-08  0.115518057671E-08
  50  49  0.227058046529E-08 -0.459807953255E-08
  50  50  0.543852281204E-08  0.148029321591E-08
