   0   0  0.975856797536E-08  0.000000000000E+00
   1   0  0.131838808184E-07  0.000000000000E+00
   2   0 -0.485262157223E-03  0.000000000000E+00
   3   0  0.938231692085E-06  0.000000000000E+00
   4   0  0.539528997076E-06  0.000000000000E+00
   5   0  0.769698519157E-07  0.000000000000E+00
   6   0 -0.151011664599E-06  0.000000000000E+00
   7   0  0.890340774832E-07  0.000000000000E+00
   8   0  0.572335470159E-07  0.000000000000E+00
   9   0  0.277459236903E-07  0.000000000000E+00
  10   0  0.471747136017E-07  0.000000000000E+00
  11   0 -0.445911239541E-07  0.000000000000E+00
  12   0  0.379297828599E-07  0.000000000000E+00
  13   0  0.527633559311E-07  0.000000000000E+00
  14   0 -0.275038681190E-07  0.000000000000E+00
  15   0  0.726785447835E-08  0.000000000000E+00
  16   0 -0.108510621690E-08  0.000000000000E+00
  17   0  0.237841901395E-07  0.000000000000E+00
  18   0 -0.483293933908E-08  0.000000000000E+00
  19   0 -0.686048148931E-08  0.000000000000E+00
  20   0  0.131859149905E-07  0.000000000000E+00
   1   1  0.103777329163E-07  0.138836122439E-07
   2   1  0.115852404287E-07 -0.633218902336E-08
   3   1  0.204456836348E-05  0.237878904883E-06
   4   1 -0.547991259910E-06 -0.456863799119E-06
   5   1 -0.758304553720E-07 -0.105071202224E-06
   6   1 -0.833143584988E-07  0.149441156526E-07
   7   1  0.291325468003E-06  0.100244429910E-06
   8   1  0.226457865132E-07  0.773793642177E-07
   9   1  0.162339703489E-06  0.101857843273E-07
  10   1  0.725390050062E-07 -0.129449959105E-06
  11   1  0.152750550246E-07 -0.190621479490E-07
  12   1 -0.864843298951E-07 -0.465982002182E-07
  13   1 -0.668920261260E-07  0.393159483733E-07
  14   1 -0.107651427998E-07  0.230030329052E-07
  15   1  0.891381434591E-08  0.204705971985E-07
  16   1  0.306253571023E-07  0.162271436433E-07
  17   1 -0.171490476995E-07 -0.207678711948E-07
  18   1  0.124762703356E-07 -0.433055128089E-07
  19   1 -0.200002781986E-07  0.186075831724E-07
  20   1  0.207899543893E-07 -0.142960306469E-07
   2   2  0.245168991717E-05 -0.140010376988E-05
   3   2  0.918003603898E-06 -0.615697947763E-06
   4   2  0.352628651177E-06  0.668923235188E-06
   5   2  0.669849295894E-06 -0.317866802005E-06
   6   2  0.468659837080E-07 -0.391195557155E-06
   7   2  0.323466380157E-06  0.890794755608E-07
   8   2  0.758992196330E-07  0.698870827364E-07
   9   2  0.217461468430E-07 -0.275324288084E-07
  10   2 -0.915062807025E-07 -0.548869115160E-07
  11   2  0.187848783777E-07 -0.912418013151E-07
  12   2  0.298315159577E-07  0.313608152772E-07
  13   2  0.360625021486E-07 -0.848345395312E-07
  14   2 -0.450719430371E-07 -0.285717025921E-07
  15   2 -0.152347156514E-07 -0.209439477154E-07
  16   2 -0.181192378376E-07  0.313454370909E-07
  17   2 -0.149511773299E-07  0.106148572574E-07
  18   2  0.418883394454E-08  0.310648085737E-07
  19   2  0.476585876437E-07  0.285676659118E-08
  20   2 -0.949943927352E-08  0.133895058986E-07
   3   3  0.741070869491E-06  0.141690731623E-05
   4   3  0.980532047105E-06 -0.191263148064E-06
   5   3 -0.449773297424E-06 -0.223149058185E-06
   6   3  0.772231447664E-07  0.785623320484E-08
   7   3  0.242175787473E-06 -0.207212506532E-06
   8   3 -0.343282703380E-07 -0.874571238696E-07
   9   3 -0.161530004071E-06 -0.901796421874E-07
  10   3  0.143305469204E-10 -0.165321182181E-06
  11   3 -0.202138691577E-07 -0.153494453116E-06
  12   3  0.427149204705E-07  0.266559168048E-07
  13   3 -0.200310950798E-07  0.111098758917E-06
  14   3  0.329489770375E-07  0.304244870266E-07
  15   3  0.581600011444E-07  0.704529508846E-08
  16   3 -0.383176583100E-07 -0.372420243059E-07
  17   3 -0.694898787691E-08  0.185169583969E-07
  18   3  0.113263556022E-07  0.978936291639E-08
  19   3 -0.107342300737E-07  0.526840544733E-08
  20   3 -0.154078216198E-07  0.218361371558E-07
   4   4 -0.185564096927E-06  0.309819767219E-06
   5   4 -0.273313763932E-06  0.614664091799E-07
   6   4 -0.862423961035E-07 -0.465608384863E-06
   7   4 -0.293939408629E-06 -0.124933817143E-06
   8   4 -0.238627769084E-06  0.841444976949E-07
   9   4  0.285018233053E-08  0.113408836267E-07
  10   4 -0.966388480429E-07 -0.888930621335E-07
  11   4 -0.321848442662E-07 -0.606952428648E-07
  12   4 -0.482159885013E-07  0.417761235450E-08
  13   4 -0.827011261307E-09 -0.140165309890E-07
  14   4 -0.152296048086E-07 -0.108611357787E-07
  15   4 -0.515566722024E-07  0.238068621098E-07
  16   4  0.618090544906E-07  0.579205051810E-07
  17   4  0.964718419107E-08  0.119615477786E-07
  18   4  0.357340848706E-07 -0.198344663903E-07
  19   4 -0.845148684181E-08  0.182907863875E-07
  20   4  0.705457562772E-08 -0.415764979272E-08
   5   5  0.181488841486E-06 -0.670012382902E-06
   6   5 -0.252212522640E-06 -0.526573496725E-06
   7   5 -0.152192561742E-07  0.198715004128E-07
   8   5 -0.582415734101E-07  0.946539943293E-07
   9   5 -0.130281339731E-07 -0.453882688951E-07
  10   5 -0.496961022501E-07 -0.487206475444E-07
  11   5  0.379408597717E-07  0.565759329202E-07
  12   5  0.534660722861E-07  0.114500603869E-07
  13   5  0.750278933256E-07  0.776691004146E-07
  14   5  0.207417628139E-07 -0.205587997826E-08
  15   5 -0.356837740795E-08  0.167588209224E-07
  16   5 -0.159317357609E-07 -0.373688611140E-09
  17   5 -0.139164632690E-07  0.147236640686E-08
  18   5  0.226444539875E-07  0.210357069431E-07
  19   5  0.107981598307E-07  0.465148253630E-07
  20   5 -0.155998652578E-07 -0.235880406405E-07
   6   6  0.403608966668E-08 -0.224160639097E-06
   7   6 -0.365194886820E-06  0.132415526017E-06
   8   6 -0.777334354670E-07  0.316317519172E-06
   9   6  0.499841924790E-07  0.232034557807E-06
  10   6 -0.229153111550E-07 -0.986316598123E-07
  11   6 -0.269223302336E-08  0.208614044511E-07
  12   6 -0.556124992726E-08  0.532053526692E-07
  13   6 -0.259678088710E-07 -0.395882302146E-08
  14   6 -0.153432477379E-07 -0.867824436095E-08
  15   6  0.155955170940E-07 -0.410455389416E-07
  16   6  0.155746273823E-07 -0.420261039548E-07
  17   6 -0.147533627933E-07 -0.392121161954E-07
  18   6  0.193913610859E-07 -0.198770296004E-07
  19   6  0.354350267219E-09  0.407177020446E-07
  20   6  0.142597262782E-07  0.143822598970E-07
   7   7  0.893260860152E-08  0.117610289078E-07
   8   7  0.499925864400E-07  0.592576225205E-07
   9   7 -0.126263458777E-06 -0.994131674835E-07
  10   7  0.673714343617E-08 -0.134859167134E-07
  11   7  0.298174844857E-08 -0.847801360198E-07
  12   7 -0.480799735437E-08  0.514160119363E-07
  13   7  0.199770885677E-07 -0.117839668890E-07
  14   7  0.391196742018E-07  0.238992478961E-08
  15   7  0.681560378711E-07  0.173082744585E-07
  16   7 -0.170895627311E-07 -0.221631267895E-07
  17   7  0.161739851305E-07 -0.205103769897E-07
  18   7  0.348393205279E-08  0.183991068141E-07
  19   7  0.115574143242E-07 -0.689879041627E-08
  20   7 -0.136018339890E-07 -0.235874240869E-08
   8   8 -0.107066173148E-06  0.120466593123E-06
   9   8  0.175059865474E-06  0.127104119316E-07
  10   8  0.403094192329E-07 -0.112666865617E-06
  11   8 -0.311979987607E-08  0.473392602568E-08
  12   8 -0.337799409053E-07  0.269201553617E-07
  13   8 -0.126965703756E-07  0.654647027360E-08
  14   8 -0.289281635058E-07  0.128557687000E-10
  15   8 -0.416006987395E-07  0.369961975849E-07
  16   8 -0.242633973462E-07  0.316378981166E-08
  17   8  0.509590980407E-07 -0.483993638463E-08
  18   8  0.354273457482E-07 -0.987987423205E-08
  19   8  0.162450325669E-07 -0.941025880408E-08
  20   8  0.101435903899E-07  0.210171074121E-07
   9   9 -0.530138338945E-07  0.891214660979E-07
  10   9  0.121670777889E-06 -0.265763483983E-07
  11   9 -0.176474784476E-07  0.325238348230E-07
  12   9  0.452521521625E-07  0.246489711311E-07
  13   9  0.303154935768E-07  0.641181351492E-07
  14   9  0.170895805311E-07  0.224914123598E-07
  15   9 -0.108962963142E-07  0.252961697761E-07
  16   9 -0.248655487909E-07 -0.326556576964E-07
  17   9  0.280016349420E-07 -0.353768335766E-07
  18   9 -0.173940341087E-07  0.373031922454E-07
  19   9 -0.159567846432E-07  0.134284994351E-07
  20   9  0.170274759441E-07 -0.669224605094E-08
  10  10  0.784460002945E-07 -0.183848484372E-07
  11  10 -0.481777136785E-07 -0.358544218066E-07
  12  10 -0.459410842713E-07  0.101714914846E-07
  13  10  0.199330299491E-07 -0.399449752187E-07
  14  10  0.342798906710E-07 -0.157368869662E-07
  15  10  0.344201195343E-08  0.144430633452E-07
  16  10 -0.629942065666E-08  0.260760410967E-07
  17  10 -0.248950629254E-08  0.227194072899E-07
  18  10  0.786125419818E-08  0.829824191772E-09
  19  10 -0.259605767076E-07  0.579532412436E-08
  20  10 -0.348548429335E-07 -0.427655121238E-08
  11  11  0.212006178801E-07 -0.739754082100E-07
  12  11  0.102346202587E-07 -0.223580170233E-07
  13  11 -0.465028864493E-07 -0.226299487129E-07
  14  11  0.157785880462E-07 -0.623606604456E-07
  15  11 -0.406624495179E-08 -0.114734351009E-07
  16  11  0.564160588652E-08 -0.909427191133E-08
  17  11 -0.427320856728E-08  0.145812302727E-07
  18  11 -0.287998974019E-08  0.296928702572E-07
  19  11  0.167756599695E-08  0.124171538363E-07
  20  11  0.877626692101E-08 -0.314899457469E-07
  12  12  0.278588085296E-07 -0.218604528250E-07
  13  12 -0.348519748058E-07  0.608183153530E-07
  14  12  0.237489174626E-07 -0.235475876146E-07
  15  12 -0.204049207512E-07  0.161246236929E-07
  16  12  0.197265519266E-07 -0.342989728995E-09
  17  12  0.508218705475E-07  0.201613811476E-07
  18  12 -0.259283527524E-07 -0.405099275106E-08
  19  12 -0.333740139235E-07  0.377332477548E-07
  20  12 -0.158781722749E-07  0.375218126436E-07
  13  13 -0.541900377975E-07  0.763867333535E-07
  14  13  0.430286282438E-07  0.510028799695E-07
  15  13  0.278138558037E-08 -0.166428096127E-07
  16  13 -0.881116664974E-08 -0.222117919805E-08
  17  13  0.224509201380E-07  0.301709894846E-07
  18  13 -0.241807167301E-09 -0.531667002437E-07
  19  13 -0.255848720478E-07 -0.525356723808E-07
  20  13  0.449920962911E-08  0.222208119370E-07
  14  14 -0.673245691544E-07 -0.366760495319E-07
  15  14 -0.313520230596E-08 -0.211544575964E-07
  16  14 -0.150901169480E-07 -0.476417719543E-07
  17  14 -0.244091893045E-07 -0.276254636063E-08
  18  14  0.274429202314E-08 -0.805729086988E-08
  19  14  0.803075167595E-08 -0.280868615953E-07
  20  14  0.998686141558E-08 -0.780904574103E-08
  15  15 -0.192267603774E-07 -0.603507414765E-10
  16  15 -0.202705843708E-07 -0.304827445775E-07
  17  15 -0.497105417579E-07  0.159158015407E-07
  18  15 -0.390865000796E-07 -0.615929856128E-08
  19  15 -0.130354035771E-07 -0.407510491607E-07
  20  15 -0.210424551603E-07 -0.175194382159E-07
  16  16 -0.484426343792E-07  0.216467233044E-07
  17  16 -0.168123807652E-07 -0.748309197599E-08
  18  16 -0.950321133671E-10  0.521612369325E-08
  19  16 -0.243867868610E-07 -0.741455991427E-08
  20  16 -0.161852609942E-07 -0.100360403060E-07
  17  17 -0.237310346960E-07 -0.399972658940E-07
  18  17  0.131083478146E-07  0.154409330393E-08
  19  17  0.399766264304E-07  0.111630096274E-07
  20  17  0.103192237934E-07 -0.371466452922E-07
  18  18  0.295456345971E-07 -0.215434972381E-07
  19  18  0.335186590343E-07 -0.190997447171E-07
  20  18  0.265578705059E-08 -0.222824679542E-07
  19  19 -0.123999421460E-07  0.758178997687E-08
  20  19 -0.330334596742E-08  0.271032986698E-07
  20  20  0.129510851200E-08 -0.324508575870E-07
