     0.000000  86.000000   6371000.000   -67017.802	
     8.000000  86.000000   6371000.000   -67013.192	
    16.000000  86.000000   6371000.000   -67016.586	
    24.000000  86.000000   6371000.000   -67025.729	
    32.000000  86.000000   6371000.000   -67034.816	
    40.000000  86.000000   6371000.000   -67042.253	
    48.000000  86.000000   6371000.000   -67055.667	
    56.000000  86.000000   6371000.000   -67067.129	
    64.000000  86.000000   6371000.000   -67078.983	
    72.000000  86.000000   6371000.000   -67091.248	
    80.000000  86.000000   6371000.000   -67101.512	
    88.000000  86.000000   6371000.000   -67107.025	
    96.000000  86.000000   6371000.000   -67117.861	
   104.000000  86.000000   6371000.000   -67131.167	
   112.000000  86.000000   6371000.000   -67142.418	
   120.000000  86.000000   6371000.000   -67150.954	
   128.000000  86.000000   6371000.000   -67156.628	
   136.000000  86.000000   6371000.000   -67159.567	
   144.000000  86.000000   6371000.000   -67149.550	
   152.000000  86.000000   6371000.000   -67146.305	
   160.000000  86.000000   6371000.000   -67154.172	
   168.000000  86.000000   6371000.000   -67157.404	
   176.000000  86.000000   6371000.000   -67151.074	
   184.000000  86.000000   6371000.000   -67150.171	
   192.000000  86.000000   6371000.000   -67148.119	
   200.000000  86.000000   6371000.000   -67143.906	
   208.000000  86.000000   6371000.000   -67139.797	
   216.000000  86.000000   6371000.000   -67130.010	
   224.000000  86.000000   6371000.000   -67119.366	
   232.000000  86.000000   6371000.000   -67111.742	
   240.000000  86.000000   6371000.000   -67104.865	
   248.000000  86.000000   6371000.000   -67094.229	
   256.000000  86.000000   6371000.000   -67087.146	
   264.000000  86.000000   6371000.000   -67081.530	
   272.000000  86.000000   6371000.000   -67078.578	
   280.000000  86.000000   6371000.000   -67072.627	
   288.000000  86.000000   6371000.000   -67061.003	
   296.000000  86.000000   6371000.000   -67046.750	
   304.000000  86.000000   6371000.000   -67037.459	
   312.000000  86.000000   6371000.000   -67043.787	
   320.000000  86.000000   6371000.000   -67037.944	
   328.000000  86.000000   6371000.000   -67036.227	
   336.000000  86.000000   6371000.000   -67033.834	
   344.000000  86.000000   6371000.000   -67028.025	
   352.000000  86.000000   6371000.000   -67021.087	
     0.000000  78.000000   6371000.000   -62987.694	
     8.000000  78.000000   6371000.000   -62989.840	
    16.000000  78.000000   6371000.000   -63046.253	
    24.000000  78.000000   6371000.000   -63103.385	
    32.000000  78.000000   6371000.000   -63172.351	
    40.000000  78.000000   6371000.000   -63221.779	
    48.000000  78.000000   6371000.000   -63268.202	
    56.000000  78.000000   6371000.000   -63302.007	
    64.000000  78.000000   6371000.000   -63339.511	
    72.000000  78.000000   6371000.000   -63373.947	
    80.000000  78.000000   6371000.000   -63383.851	
    88.000000  78.000000   6371000.000   -63405.547	
    96.000000  78.000000   6371000.000   -63393.982	
   104.000000  78.000000   6371000.000   -63375.932	
   112.000000  78.000000   6371000.000   -63373.448	
   120.000000  78.000000   6371000.000   -63377.353	
   128.000000  78.000000   6371000.000   -63372.156	
   136.000000  78.000000   6371000.000   -63352.905	
   144.000000  78.000000   6371000.000   -63343.736	
   152.000000  78.000000   6371000.000   -63329.424	
   160.000000  78.000000   6371000.000   -63330.832	
   168.000000  78.000000   6371000.000   -63335.081	
   176.000000  78.000000   6371000.000   -63344.397	
   184.000000  78.000000   6371000.000   -63335.638	
   192.000000  78.000000   6371000.000   -63330.096	
   200.000000  78.000000   6371000.000   -63355.447	
   208.000000  78.000000   6371000.000   -63381.832	
   216.000000  78.000000   6371000.000   -63399.055	
   224.000000  78.000000   6371000.000   -63416.771	
   232.000000  78.000000   6371000.000   -63401.531	
   240.000000  78.000000   6371000.000   -63389.898	
   248.000000  78.000000   6371000.000   -63391.533	
   256.000000  78.000000   6371000.000   -63395.397	
   264.000000  78.000000   6371000.000   -63377.282	
   272.000000  78.000000   6371000.000   -63347.113	
   280.000000  78.000000   6371000.000   -63256.988	
   288.000000  78.000000   6371000.000   -63241.073	
   296.000000  78.000000   6371000.000   -63142.632	
   304.000000  78.000000   6371000.000   -63083.083	
   312.000000  78.000000   6371000.000   -63055.316	
   320.000000  78.000000   6371000.000   -63022.517	
   328.000000  78.000000   6371000.000   -62984.863	
   336.000000  78.000000   6371000.000   -63042.298	
   344.000000  78.000000   6371000.000   -63056.978	
   352.000000  78.000000   6371000.000   -63001.353	
     0.000000  70.000000   6371000.000   -55422.070	
     8.000000  70.000000   6371000.000   -55475.251	
    16.000000  70.000000   6371000.000   -55540.483	
    24.000000  70.000000   6371000.000   -55650.209	
    32.000000  70.000000   6371000.000   -55728.230	
    40.000000  70.000000   6371000.000   -55796.309	
    48.000000  70.000000   6371000.000   -55857.650	
    56.000000  70.000000   6371000.000   -55913.060	
    64.000000  70.000000   6371000.000   -55971.934	
    72.000000  70.000000   6371000.000   -55999.123	
    80.000000  70.000000   6371000.000   -56022.231	
    88.000000  70.000000   6371000.000   -56034.259	
    96.000000  70.000000   6371000.000   -56032.763	
   104.000000  70.000000   6371000.000   -56025.550	
   112.000000  70.000000   6371000.000   -55999.166	
   120.000000  70.000000   6371000.000   -55980.803	
   128.000000  70.000000   6371000.000   -55978.230	
   136.000000  70.000000   6371000.000   -55924.376	
   144.000000  70.000000   6371000.000   -55900.254	
   152.000000  70.000000   6371000.000   -55874.770	
   160.000000  70.000000   6371000.000   -55866.897	
   168.000000  70.000000   6371000.000   -55867.225	
   176.000000  70.000000   6371000.000   -55874.248	
   184.000000  70.000000   6371000.000   -55886.851	
   192.000000  70.000000   6371000.000   -55888.483	
   200.000000  70.000000   6371000.000   -55904.446	
   208.000000  70.000000   6371000.000   -55906.055	
   216.000000  70.000000   6371000.000   -55914.853	
   224.000000  70.000000   6371000.000   -55938.466	
   232.000000  70.000000   6371000.000   -55990.037	
   240.000000  70.000000   6371000.000   -56046.099	
   248.000000  70.000000   6371000.000   -56096.704	
   256.000000  70.000000   6371000.000   -56171.771	
   264.000000  70.000000   6371000.000   -56150.033	
   272.000000  70.000000   6371000.000   -56138.551	
   280.000000  70.000000   6371000.000   -56068.932	
   288.000000  70.000000   6371000.000   -55907.034	
   296.000000  70.000000   6371000.000   -55762.352	
   304.000000  70.000000   6371000.000   -55633.225	
   312.000000  70.000000   6371000.000   -55563.357	
   320.000000  70.000000   6371000.000   -55451.145	
   328.000000  70.000000   6371000.000   -55355.823	
   336.000000  70.000000   6371000.000   -55345.774	
   344.000000  70.000000   6371000.000   -55324.652	
   352.000000  70.000000   6371000.000   -55367.127	
     0.000000  62.000000   6371000.000   -44936.448	
     8.000000  62.000000   6371000.000   -44969.993	
    16.000000  62.000000   6371000.000   -45128.186	
    24.000000  62.000000   6371000.000   -45239.766	
    32.000000  62.000000   6371000.000   -45262.943	
    40.000000  62.000000   6371000.000   -45308.426	
    48.000000  62.000000   6371000.000   -45344.261	
    56.000000  62.000000   6371000.000   -45428.416	
    64.000000  62.000000   6371000.000   -45527.741	
    72.000000  62.000000   6371000.000   -45624.420	
    80.000000  62.000000   6371000.000   -45676.876	
    88.000000  62.000000   6371000.000   -45680.903	
    96.000000  62.000000   6371000.000   -45704.294	
   104.000000  62.000000   6371000.000   -45708.578	
   112.000000  62.000000   6371000.000   -45665.714	
   120.000000  62.000000   6371000.000   -45625.959	
   128.000000  62.000000   6371000.000   -45503.657	
   136.000000  62.000000   6371000.000   -45410.582	
   144.000000  62.000000   6371000.000   -45309.679	
   152.000000  62.000000   6371000.000   -45288.389	
   160.000000  62.000000   6371000.000   -45299.839	
   168.000000  62.000000   6371000.000   -45322.336	
   176.000000  62.000000   6371000.000   -45393.579	
   184.000000  62.000000   6371000.000   -45366.955	
   192.000000  62.000000   6371000.000   -45345.807	
   200.000000  62.000000   6371000.000   -45313.247	
   208.000000  62.000000   6371000.000   -45305.079	
   216.000000  62.000000   6371000.000   -45242.512	
   224.000000  62.000000   6371000.000   -45342.669	
   232.000000  62.000000   6371000.000   -45418.083	
   240.000000  62.000000   6371000.000   -45567.497	
   248.000000  62.000000   6371000.000   -45707.897	
   256.000000  62.000000   6371000.000   -45793.143	
   264.000000  62.000000   6371000.000   -45872.957	
   272.000000  62.000000   6371000.000   -45853.167	
   280.000000  62.000000   6371000.000   -45769.277	
   288.000000  62.000000   6371000.000   -45654.016	
   296.000000  62.000000   6371000.000   -45430.222	
   304.000000  62.000000   6371000.000   -45249.048	
   312.000000  62.000000   6371000.000   -45050.617	
   320.000000  62.000000   6371000.000   -44936.408	
   328.000000  62.000000   6371000.000   -44850.614	
   336.000000  62.000000   6371000.000   -44789.184	
   344.000000  62.000000   6371000.000   -44829.755	
   352.000000  62.000000   6371000.000   -44855.553	
     0.000000  54.000000   6371000.000   -32279.124	
     8.000000  54.000000   6371000.000   -32344.058	
    16.000000  54.000000   6371000.000   -32401.886	
    24.000000  54.000000   6371000.000   -32471.094	
    32.000000  54.000000   6371000.000   -32561.940	
    40.000000  54.000000   6371000.000   -32633.737	
    48.000000  54.000000   6371000.000   -32701.680	
    56.000000  54.000000   6371000.000   -32825.748	
    64.000000  54.000000   6371000.000   -32923.029	
    72.000000  54.000000   6371000.000   -33020.653	
    80.000000  54.000000   6371000.000   -33102.915	
    88.000000  54.000000   6371000.000   -33104.766	
    96.000000  54.000000   6371000.000   -33087.917	
   104.000000  54.000000   6371000.000   -33077.413	
   112.000000  54.000000   6371000.000   -32966.606	
   120.000000  54.000000   6371000.000   -32815.754	
   128.000000  54.000000   6371000.000   -32670.673	
   136.000000  54.000000   6371000.000   -32576.619	
   144.000000  54.000000   6371000.000   -32569.585	
   152.000000  54.000000   6371000.000   -32541.409	
   160.000000  54.000000   6371000.000   -32523.634	
   168.000000  54.000000   6371000.000   -32687.770	
   176.000000  54.000000   6371000.000   -32703.298	
   184.000000  54.000000   6371000.000   -32694.899	
   192.000000  54.000000   6371000.000   -32612.390	
   200.000000  54.000000   6371000.000   -32629.864	
   208.000000  54.000000   6371000.000   -32622.375	
   216.000000  54.000000   6371000.000   -32701.497	
   224.000000  54.000000   6371000.000   -32788.117	
   232.000000  54.000000   6371000.000   -32814.037	
   240.000000  54.000000   6371000.000   -32864.654	
   248.000000  54.000000   6371000.000   -32954.159	
   256.000000  54.000000   6371000.000   -33001.457	
   264.000000  54.000000   6371000.000   -33093.882	
   272.000000  54.000000   6371000.000   -33170.656	
   280.000000  54.000000   6371000.000   -33162.523	
   288.000000  54.000000   6371000.000   -33035.186	
   296.000000  54.000000   6371000.000   -32894.635	
   304.000000  54.000000   6371000.000   -32671.883	
   312.000000  54.000000   6371000.000   -32439.310	
   320.000000  54.000000   6371000.000   -32253.653	
   328.000000  54.000000   6371000.000   -32141.041	
   336.000000  54.000000   6371000.000   -32134.863	
   344.000000  54.000000   6371000.000   -32154.339	
   352.000000  54.000000   6371000.000   -32166.519	
     0.000000  46.000000   6371000.000   -18335.617	
     8.000000  46.000000   6371000.000   -18279.878	
    16.000000  46.000000   6371000.000   -18350.857	
    24.000000  46.000000   6371000.000   -18403.787	
    32.000000  46.000000   6371000.000   -18561.577	
    40.000000  46.000000   6371000.000   -18697.016	
    48.000000  46.000000   6371000.000   -18859.152	
    56.000000  46.000000   6371000.000   -19013.690	
    64.000000  46.000000   6371000.000   -19140.055	
    72.000000  46.000000   6371000.000   -19220.575	
    80.000000  46.000000   6371000.000   -19296.998	
    88.000000  46.000000   6371000.000   -19381.743	
    96.000000  46.000000   6371000.000   -19288.978	
   104.000000  46.000000   6371000.000   -19226.318	
   112.000000  46.000000   6371000.000   -19051.150	
   120.000000  46.000000   6371000.000   -18804.246	
   128.000000  46.000000   6371000.000   -18642.488	
   136.000000  46.000000   6371000.000   -18537.032	
   144.000000  46.000000   6371000.000   -18566.520	
   152.000000  46.000000   6371000.000   -18612.329	
   160.000000  46.000000   6371000.000   -18729.256	
   168.000000  46.000000   6371000.000   -18868.635	
   176.000000  46.000000   6371000.000   -18858.305	
   184.000000  46.000000   6371000.000   -18826.115	
   192.000000  46.000000   6371000.000   -18802.522	
   200.000000  46.000000   6371000.000   -18817.441	
   208.000000  46.000000   6371000.000   -18883.453	
   216.000000  46.000000   6371000.000   -18965.523	
   224.000000  46.000000   6371000.000   -19047.172	
   232.000000  46.000000   6371000.000   -19046.126	
   240.000000  46.000000   6371000.000   -19005.182	
   248.000000  46.000000   6371000.000   -18916.072	
   256.000000  46.000000   6371000.000   -18955.242	
   264.000000  46.000000   6371000.000   -19064.260	
   272.000000  46.000000   6371000.000   -19134.826	
   280.000000  46.000000   6371000.000   -19162.216	
   288.000000  46.000000   6371000.000   -19093.158	
   296.000000  46.000000   6371000.000   -18991.489	
   304.000000  46.000000   6371000.000   -18816.636	
   312.000000  46.000000   6371000.000   -18570.125	
   320.000000  46.000000   6371000.000   -18408.661	
   328.000000  46.000000   6371000.000   -18241.224	
   336.000000  46.000000   6371000.000   -18164.287	
   344.000000  46.000000   6371000.000   -18229.195	
   352.000000  46.000000   6371000.000   -18334.769	
     0.000000  38.000000   6371000.000    -4226.245	
     8.000000  38.000000   6371000.000    -4299.961	
    16.000000  38.000000   6371000.000    -4307.695	
    24.000000  38.000000   6371000.000    -4327.222	
    32.000000  38.000000   6371000.000    -4347.535	
    40.000000  38.000000   6371000.000    -4454.889	
    48.000000  38.000000   6371000.000    -4575.272	
    56.000000  38.000000   6371000.000    -4875.206	
    64.000000  38.000000   6371000.000    -5070.951	
    72.000000  38.000000   6371000.000    -4987.134	
    80.000000  38.000000   6371000.000    -5216.107	
    88.000000  38.000000   6371000.000    -5160.633	
    96.000000  38.000000   6371000.000    -5162.638	
   104.000000  38.000000   6371000.000    -5170.004	
   112.000000  38.000000   6371000.000    -4903.207	
   120.000000  38.000000   6371000.000    -4688.268	
   128.000000  38.000000   6371000.000    -4460.373	
   136.000000  38.000000   6371000.000    -4400.834	
   144.000000  38.000000   6371000.000    -4548.888	
   152.000000  38.000000   6371000.000    -4609.140	
   160.000000  38.000000   6371000.000    -4743.040	
   168.000000  38.000000   6371000.000    -4816.911	
   176.000000  38.000000   6371000.000    -4823.498	
   184.000000  38.000000   6371000.000    -4836.301	
   192.000000  38.000000   6371000.000    -4829.045	
   200.000000  38.000000   6371000.000    -4854.238	
   208.000000  38.000000   6371000.000    -4902.086	
   216.000000  38.000000   6371000.000    -4993.343	
   224.000000  38.000000   6371000.000    -5067.236	
   232.000000  38.000000   6371000.000    -5087.950	
   240.000000  38.000000   6371000.000    -4954.034	
   248.000000  38.000000   6371000.000    -4891.617	
   256.000000  38.000000   6371000.000    -4918.466	
   264.000000  38.000000   6371000.000    -5019.265	
   272.000000  38.000000   6371000.000    -5021.039	
   280.000000  38.000000   6371000.000    -5024.989	
   288.000000  38.000000   6371000.000    -5116.497	
   296.000000  38.000000   6371000.000    -5046.515	
   304.000000  38.000000   6371000.000    -4911.711	
   312.000000  38.000000   6371000.000    -4674.271	
   320.000000  38.000000   6371000.000    -4411.197	
   328.000000  38.000000   6371000.000    -4188.809	
   336.000000  38.000000   6371000.000    -4187.749	
   344.000000  38.000000   6371000.000    -4241.807	
   352.000000  38.000000   6371000.000    -4170.702	
     0.000000  30.000000   6371000.000     8792.072	
     8.000000  30.000000   6371000.000     8702.350	
    16.000000  30.000000   6371000.000     8732.922	
    24.000000  30.000000   6371000.000     8664.396	
    32.000000  30.000000   6371000.000     8604.628	
    40.000000  30.000000   6371000.000     8556.750	
    48.000000  30.000000   6371000.000     8293.712	
    56.000000  30.000000   6371000.000     8392.980	
    64.000000  30.000000   6371000.000     8194.891	
    72.000000  30.000000   6371000.000     7970.776	
    80.000000  30.000000   6371000.000     8149.542	
    88.000000  30.000000   6371000.000     8170.245	
    96.000000  30.000000   6371000.000     8124.201	
   104.000000  30.000000   6371000.000     8027.459	
   112.000000  30.000000   6371000.000     8232.053	
   120.000000  30.000000   6371000.000     8520.405	
   128.000000  30.000000   6371000.000     8741.114	
   136.000000  30.000000   6371000.000     8810.675	
   144.000000  30.000000   6371000.000     8739.957	
   152.000000  30.000000   6371000.000     8595.805	
   160.000000  30.000000   6371000.000     8477.468	
   168.000000  30.000000   6371000.000     8381.578	
   176.000000  30.000000   6371000.000     8376.406	
   184.000000  30.000000   6371000.000     8373.381	
   192.000000  30.000000   6371000.000     8385.744	
   200.000000  30.000000   6371000.000     8357.796	
   208.000000  30.000000   6371000.000     8312.498	
   216.000000  30.000000   6371000.000     8222.264	
   224.000000  30.000000   6371000.000     8124.450	
   232.000000  30.000000   6371000.000     8037.189	
   240.000000  30.000000   6371000.000     8036.055	
   248.000000  30.000000   6371000.000     8125.046	
   256.000000  30.000000   6371000.000     8228.924	
   264.000000  30.000000   6371000.000     8166.227	
   272.000000  30.000000   6371000.000     8165.245	
   280.000000  30.000000   6371000.000     8128.766	
   288.000000  30.000000   6371000.000     7940.950	
   296.000000  30.000000   6371000.000     8024.627	
   304.000000  30.000000   6371000.000     8109.736	
   312.000000  30.000000   6371000.000     8351.018	
   320.000000  30.000000   6371000.000     8613.108	
   328.000000  30.000000   6371000.000     8731.746	
   336.000000  30.000000   6371000.000     8740.844	
   344.000000  30.000000   6371000.000     8848.770	
   352.000000  30.000000   6371000.000     8954.603	
     0.000000  22.000000   6371000.000    19945.843	
     8.000000  22.000000   6371000.000    19943.604	
    16.000000  22.000000   6371000.000    19914.795	
    24.000000  22.000000   6371000.000    19786.249	
    32.000000  22.000000   6371000.000    19746.166	
    40.000000  22.000000   6371000.000    19714.443	
    48.000000  22.000000   6371000.000    19426.854	
    56.000000  22.000000   6371000.000    19302.465	
    64.000000  22.000000   6371000.000    19217.368	
    72.000000  22.000000   6371000.000    19086.690	
    80.000000  22.000000   6371000.000    19062.540	
    88.000000  22.000000   6371000.000    19076.311	
    96.000000  22.000000   6371000.000    19178.791	
   104.000000  22.000000   6371000.000    19364.366	
   112.000000  22.000000   6371000.000    19549.381	
   120.000000  22.000000   6371000.000    19837.577	
   128.000000  22.000000   6371000.000    19979.668	
   136.000000  22.000000   6371000.000    20049.771	
   144.000000  22.000000   6371000.000    20058.184	
   152.000000  22.000000   6371000.000    19960.813	
   160.000000  22.000000   6371000.000    19805.650	
   168.000000  22.000000   6371000.000    19709.728	
   176.000000  22.000000   6371000.000    19658.785	
   184.000000  22.000000   6371000.000    19666.684	
   192.000000  22.000000   6371000.000    19734.184	
   200.000000  22.000000   6371000.000    19789.444	
   208.000000  22.000000   6371000.000    19596.860	
   216.000000  22.000000   6371000.000    19470.457	
   224.000000  22.000000   6371000.000    19342.807	
   232.000000  22.000000   6371000.000    19238.165	
   240.000000  22.000000   6371000.000    19182.611	
   248.000000  22.000000   6371000.000    19274.517	
   256.000000  22.000000   6371000.000    19482.656	
   264.000000  22.000000   6371000.000    19410.406	
   272.000000  22.000000   6371000.000    19512.039	
   280.000000  22.000000   6371000.000    19446.890	
   288.000000  22.000000   6371000.000    19208.679	
   296.000000  22.000000   6371000.000    19135.819	
   304.000000  22.000000   6371000.000    19214.868	
   312.000000  22.000000   6371000.000    19419.284	
   320.000000  22.000000   6371000.000    19589.239	
   328.000000  22.000000   6371000.000    19782.379	
   336.000000  22.000000   6371000.000    19861.176	
   344.000000  22.000000   6371000.000    19995.013	
   352.000000  22.000000   6371000.000    19947.983	
     0.000000  14.000000   6371000.000    28243.601	
     8.000000  14.000000   6371000.000    28211.076	
    16.000000  14.000000   6371000.000    28133.708	
    24.000000  14.000000   6371000.000    28099.722	
    32.000000  14.000000   6371000.000    28017.447	
    40.000000  14.000000   6371000.000    27975.421	
    48.000000  14.000000   6371000.000    27825.943	
    56.000000  14.000000   6371000.000    27640.775	
    64.000000  14.000000   6371000.000    27364.420	
    72.000000  14.000000   6371000.000    27163.954	
    80.000000  14.000000   6371000.000    27128.102	
    88.000000  14.000000   6371000.000    27297.289	
    96.000000  14.000000   6371000.000    27560.210	
   104.000000  14.000000   6371000.000    27804.392	
   112.000000  14.000000   6371000.000    28091.921	
   120.000000  14.000000   6371000.000    28376.320	
   128.000000  14.000000   6371000.000    28503.692	
   136.000000  14.000000   6371000.000    28525.252	
   144.000000  14.000000   6371000.000    28553.930	
   152.000000  14.000000   6371000.000    28401.428	
   160.000000  14.000000   6371000.000    28294.892	
   168.000000  14.000000   6371000.000    28221.368	
   176.000000  14.000000   6371000.000    28146.410	
   184.000000  14.000000   6371000.000    28101.486	
   192.000000  14.000000   6371000.000    28122.308	
   200.000000  14.000000   6371000.000    28070.308	
   208.000000  14.000000   6371000.000    27986.797	
   216.000000  14.000000   6371000.000    27917.560	
   224.000000  14.000000   6371000.000    27786.657	
   232.000000  14.000000   6371000.000    27642.775	
   240.000000  14.000000   6371000.000    27576.468	
   248.000000  14.000000   6371000.000    27659.358	
   256.000000  14.000000   6371000.000    27832.251	
   264.000000  14.000000   6371000.000    27953.028	
   272.000000  14.000000   6371000.000    28066.759	
   280.000000  14.000000   6371000.000    27979.708	
   288.000000  14.000000   6371000.000    27775.094	
   296.000000  14.000000   6371000.000    27642.159	
   304.000000  14.000000   6371000.000    27541.846	
   312.000000  14.000000   6371000.000    27670.540	
   320.000000  14.000000   6371000.000    27842.602	
   328.000000  14.000000   6371000.000    28018.692	
   336.000000  14.000000   6371000.000    28189.339	
   344.000000  14.000000   6371000.000    28309.618	
   352.000000  14.000000   6371000.000    28307.745	
     0.000000   6.000000   6371000.000    33135.773	
     8.000000   6.000000   6371000.000    33093.034	
    16.000000   6.000000   6371000.000    32967.447	
    24.000000   6.000000   6371000.000    32820.399	
    32.000000   6.000000   6371000.000    32768.295	
    40.000000   6.000000   6371000.000    32703.573	
    48.000000   6.000000   6371000.000    32496.216	
    56.000000   6.000000   6371000.000    32365.546	
    64.000000   6.000000   6371000.000    32155.022	
    72.000000   6.000000   6371000.000    31928.689	
    80.000000   6.000000   6371000.000    31915.369	
    88.000000   6.000000   6371000.000    32162.872	
    96.000000   6.000000   6371000.000    32554.788	
   104.000000   6.000000   6371000.000    32858.750	
   112.000000   6.000000   6371000.000    33163.061	
   120.000000   6.000000   6371000.000    33472.654	
   128.000000   6.000000   6371000.000    33477.494	
   136.000000   6.000000   6371000.000    33542.412	
   144.000000   6.000000   6371000.000    33499.837	
   152.000000   6.000000   6371000.000    33408.891	
   160.000000   6.000000   6371000.000    33309.201	
   168.000000   6.000000   6371000.000    33164.498	
   176.000000   6.000000   6371000.000    33119.913	
   184.000000   6.000000   6371000.000    33029.272	
   192.000000   6.000000   6371000.000    33013.573	
   200.000000   6.000000   6371000.000    33036.979	
   208.000000   6.000000   6371000.000    32982.494	
   216.000000   6.000000   6371000.000    32885.489	
   224.000000   6.000000   6371000.000    32756.641	
   232.000000   6.000000   6371000.000    32644.730	
   240.000000   6.000000   6371000.000    32571.615	
   248.000000   6.000000   6371000.000    32599.648	
   256.000000   6.000000   6371000.000    32708.474	
   264.000000   6.000000   6371000.000    32812.123	
   272.000000   6.000000   6371000.000    32912.676	
   280.000000   6.000000   6371000.000    33023.679	
   288.000000   6.000000   6371000.000    32944.718	
   296.000000   6.000000   6371000.000    32749.061	
   304.000000   6.000000   6371000.000    32567.167	
   312.000000   6.000000   6371000.000    32513.484	
   320.000000   6.000000   6371000.000    32698.817	
   328.000000   6.000000   6371000.000    32920.046	
   336.000000   6.000000   6371000.000    33016.969	
   344.000000   6.000000   6371000.000    33079.138	
   352.000000   6.000000   6371000.000    33187.283	
     0.000000  -2.000000   6371000.000    34057.819	
     8.000000  -2.000000   6371000.000    33993.580	
    16.000000  -2.000000   6371000.000    33847.369	
    24.000000  -2.000000   6371000.000    33670.288	
    32.000000  -2.000000   6371000.000    33717.210	
    40.000000  -2.000000   6371000.000    33593.069	
    48.000000  -2.000000   6371000.000    33416.837	
    56.000000  -2.000000   6371000.000    33376.363	
    64.000000  -2.000000   6371000.000    33188.266	
    72.000000  -2.000000   6371000.000    32981.069	
    80.000000  -2.000000   6371000.000    32890.207	
    88.000000  -2.000000   6371000.000    33170.090	
    96.000000  -2.000000   6371000.000    33577.578	
   104.000000  -2.000000   6371000.000    33991.285	
   112.000000  -2.000000   6371000.000    34266.823	
   120.000000  -2.000000   6371000.000    34530.770	
   128.000000  -2.000000   6371000.000    34441.862	
   136.000000  -2.000000   6371000.000    34587.537	
   144.000000  -2.000000   6371000.000    34643.936	
   152.000000  -2.000000   6371000.000    34534.292	
   160.000000  -2.000000   6371000.000    34382.507	
   168.000000  -2.000000   6371000.000    34257.770	
   176.000000  -2.000000   6371000.000    34139.101	
   184.000000  -2.000000   6371000.000    34060.544	
   192.000000  -2.000000   6371000.000    34029.844	
   200.000000  -2.000000   6371000.000    34028.715	
   208.000000  -2.000000   6371000.000    34015.313	
   216.000000  -2.000000   6371000.000    33942.934	
   224.000000  -2.000000   6371000.000    33835.846	
   232.000000  -2.000000   6371000.000    33744.684	
   240.000000  -2.000000   6371000.000    33679.989	
   248.000000  -2.000000   6371000.000    33692.061	
   256.000000  -2.000000   6371000.000    33723.383	
   264.000000  -2.000000   6371000.000    33756.693	
   272.000000  -2.000000   6371000.000    33829.785	
   280.000000  -2.000000   6371000.000    34071.973	
   288.000000  -2.000000   6371000.000    34069.266	
   296.000000  -2.000000   6371000.000    33856.688	
   304.000000  -2.000000   6371000.000    33688.619	
   312.000000  -2.000000   6371000.000    33625.517	
   320.000000  -2.000000   6371000.000    33715.804	
   328.000000  -2.000000   6371000.000    33821.834	
   336.000000  -2.000000   6371000.000    33930.940	
   344.000000  -2.000000   6371000.000    34032.838	
   352.000000  -2.000000   6371000.000    34068.699	
     0.000000 -10.000000   6371000.000    31022.742	
     8.000000 -10.000000   6371000.000    31027.903	
    16.000000 -10.000000   6371000.000    31088.927	
    24.000000 -10.000000   6371000.000    30880.130	
    32.000000 -10.000000   6371000.000    30803.337	
    40.000000 -10.000000   6371000.000    30660.207	
    48.000000 -10.000000   6371000.000    30590.390	
    56.000000 -10.000000   6371000.000    30574.577	
    64.000000 -10.000000   6371000.000    30440.156	
    72.000000 -10.000000   6371000.000    30281.935	
    80.000000 -10.000000   6371000.000    30173.627	
    88.000000 -10.000000   6371000.000    30248.287	
    96.000000 -10.000000   6371000.000    30492.140	
   104.000000 -10.000000   6371000.000    30806.582	
   112.000000 -10.000000   6371000.000    30958.758	
   120.000000 -10.000000   6371000.000    31297.481	
   128.000000 -10.000000   6371000.000    31378.892	
   136.000000 -10.000000   6371000.000    31553.478	
   144.000000 -10.000000   6371000.000    31641.443	
   152.000000 -10.000000   6371000.000    31643.670	
   160.000000 -10.000000   6371000.000    31508.099	
   168.000000 -10.000000   6371000.000    31465.093	
   176.000000 -10.000000   6371000.000    31302.445	
   184.000000 -10.000000   6371000.000    31195.650	
   192.000000 -10.000000   6371000.000    31097.645	
   200.000000 -10.000000   6371000.000    31021.656	
   208.000000 -10.000000   6371000.000    30975.207	
   216.000000 -10.000000   6371000.000    30904.343	
   224.000000 -10.000000   6371000.000    30870.793	
   232.000000 -10.000000   6371000.000    30819.120	
   240.000000 -10.000000   6371000.000    30810.589	
   248.000000 -10.000000   6371000.000    30836.505	
   256.000000 -10.000000   6371000.000    30817.305	
   264.000000 -10.000000   6371000.000    30804.816	
   272.000000 -10.000000   6371000.000    30844.343	
   280.000000 -10.000000   6371000.000    30890.686	
   288.000000 -10.000000   6371000.000    31183.961	
   296.000000 -10.000000   6371000.000    31081.346	
   304.000000 -10.000000   6371000.000    30845.685	
   312.000000 -10.000000   6371000.000    30735.648	
   320.000000 -10.000000   6371000.000    30795.503	
   328.000000 -10.000000   6371000.000    30811.237	
   336.000000 -10.000000   6371000.000    30872.825	
   344.000000 -10.000000   6371000.000    31004.870	
   352.000000 -10.000000   6371000.000    31045.018	
     0.000000 -18.000000   6371000.000    24382.616	
     8.000000 -18.000000   6371000.000    24405.677	
    16.000000 -18.000000   6371000.000    24443.972	
    24.000000 -18.000000   6371000.000    24335.662	
    32.000000 -18.000000   6371000.000    24260.369	
    40.000000 -18.000000   6371000.000    24091.723	
    48.000000 -18.000000   6371000.000    24188.674	
    56.000000 -18.000000   6371000.000    24075.830	
    64.000000 -18.000000   6371000.000    24046.906	
    72.000000 -18.000000   6371000.000    23907.292	
    80.000000 -18.000000   6371000.000    23774.344	
    88.000000 -18.000000   6371000.000    23765.734	
    96.000000 -18.000000   6371000.000    23744.802	
   104.000000 -18.000000   6371000.000    23873.169	
   112.000000 -18.000000   6371000.000    24060.762	
   120.000000 -18.000000   6371000.000    24312.406	
   128.000000 -18.000000   6371000.000    24498.786	
   136.000000 -18.000000   6371000.000    24631.367	
   144.000000 -18.000000   6371000.000    24786.643	
   152.000000 -18.000000   6371000.000    24816.509	
   160.000000 -18.000000   6371000.000    24802.367	
   168.000000 -18.000000   6371000.000    24777.975	
   176.000000 -18.000000   6371000.000    24815.079	
   184.000000 -18.000000   6371000.000    24715.061	
   192.000000 -18.000000   6371000.000    24438.238	
   200.000000 -18.000000   6371000.000    24319.365	
   208.000000 -18.000000   6371000.000    24255.374	
   216.000000 -18.000000   6371000.000    24176.994	
   224.000000 -18.000000   6371000.000    24131.249	
   232.000000 -18.000000   6371000.000    24129.492	
   240.000000 -18.000000   6371000.000    24179.869	
   248.000000 -18.000000   6371000.000    24213.518	
   256.000000 -18.000000   6371000.000    24194.943	
   264.000000 -18.000000   6371000.000    24183.293	
   272.000000 -18.000000   6371000.000    24211.052	
   280.000000 -18.000000   6371000.000    24308.044	
   288.000000 -18.000000   6371000.000    24391.200	
   296.000000 -18.000000   6371000.000    24546.775	
   304.000000 -18.000000   6371000.000    24302.829	
   312.000000 -18.000000   6371000.000    24118.181	
   320.000000 -18.000000   6371000.000    24147.552	
   328.000000 -18.000000   6371000.000    24172.031	
   336.000000 -18.000000   6371000.000    24172.313	
   344.000000 -18.000000   6371000.000    24293.520	
   352.000000 -18.000000   6371000.000    24359.692	
     0.000000 -26.000000   6371000.000    14552.268	
     8.000000 -26.000000   6371000.000    14595.064	
    16.000000 -26.000000   6371000.000    14684.695	
    24.000000 -26.000000   6371000.000    14606.585	
    32.000000 -26.000000   6371000.000    14552.611	
    40.000000 -26.000000   6371000.000    14395.482	
    48.000000 -26.000000   6371000.000    14403.166	
    56.000000 -26.000000   6371000.000    14381.608	
    64.000000 -26.000000   6371000.000    14377.284	
    72.000000 -26.000000   6371000.000    14304.236	
    80.000000 -26.000000   6371000.000    14155.438	
    88.000000 -26.000000   6371000.000    14048.924	
    96.000000 -26.000000   6371000.000    13940.897	
   104.000000 -26.000000   6371000.000    13978.985	
   112.000000 -26.000000   6371000.000    14088.197	
   120.000000 -26.000000   6371000.000    14237.533	
   128.000000 -26.000000   6371000.000    14353.862	
   136.000000 -26.000000   6371000.000    14470.614	
   144.000000 -26.000000   6371000.000    14626.107	
   152.000000 -26.000000   6371000.000    14796.305	
   160.000000 -26.000000   6371000.000    14770.137	
   168.000000 -26.000000   6371000.000    14840.753	
   176.000000 -26.000000   6371000.000    14841.441	
   184.000000 -26.000000   6371000.000    14666.830	
   192.000000 -26.000000   6371000.000    14543.382	
   200.000000 -26.000000   6371000.000    14422.384	
   208.000000 -26.000000   6371000.000    14341.646	
   216.000000 -26.000000   6371000.000    14287.605	
   224.000000 -26.000000   6371000.000    14225.429	
   232.000000 -26.000000   6371000.000    14239.580	
   240.000000 -26.000000   6371000.000    14271.828	
   248.000000 -26.000000   6371000.000    14300.168	
   256.000000 -26.000000   6371000.000    14323.735	
   264.000000 -26.000000   6371000.000    14342.092	
   272.000000 -26.000000   6371000.000    14377.396	
   280.000000 -26.000000   6371000.000    14450.227	
   288.000000 -26.000000   6371000.000    14506.283	
   296.000000 -26.000000   6371000.000    14610.293	
   304.000000 -26.000000   6371000.000    14459.888	
   312.000000 -26.000000   6371000.000    14361.257	
   320.000000 -26.000000   6371000.000    14255.237	
   328.000000 -26.000000   6371000.000    14313.095	
   336.000000 -26.000000   6371000.000    14369.050	
   344.000000 -26.000000   6371000.000    14448.837	
   352.000000 -26.000000   6371000.000    14494.132	
     0.000000 -34.000000   6371000.000     2232.683	
     8.000000 -34.000000   6371000.000     2269.297	
    16.000000 -34.000000   6371000.000     2310.336	
    24.000000 -34.000000   6371000.000     2342.564	
    32.000000 -34.000000   6371000.000     2317.241	
    40.000000 -34.000000   6371000.000     2283.881	
    48.000000 -34.000000   6371000.000     2331.559	
    56.000000 -34.000000   6371000.000     2329.624	
    64.000000 -34.000000   6371000.000     2245.954	
    72.000000 -34.000000   6371000.000     2162.074	
    80.000000 -34.000000   6371000.000     2070.568	
    88.000000 -34.000000   6371000.000     1928.448	
    96.000000 -34.000000   6371000.000     1780.100	
   104.000000 -34.000000   6371000.000     1669.065	
   112.000000 -34.000000   6371000.000     1687.423	
   120.000000 -34.000000   6371000.000     1749.398	
   128.000000 -34.000000   6371000.000     1767.560	
   136.000000 -34.000000   6371000.000     2009.269	
   144.000000 -34.000000   6371000.000     2143.499	
   152.000000 -34.000000   6371000.000     2209.661	
   160.000000 -34.000000   6371000.000     2272.567	
   168.000000 -34.000000   6371000.000     2359.132	
   176.000000 -34.000000   6371000.000     2437.385	
   184.000000 -34.000000   6371000.000     2317.873	
   192.000000 -34.000000   6371000.000     2200.764	
   200.000000 -34.000000   6371000.000     2101.918	
   208.000000 -34.000000   6371000.000     2027.064	
   216.000000 -34.000000   6371000.000     1971.217	
   224.000000 -34.000000   6371000.000     1940.549	
   232.000000 -34.000000   6371000.000     1941.037	
   240.000000 -34.000000   6371000.000     1937.433	
   248.000000 -34.000000   6371000.000     1950.311	
   256.000000 -34.000000   6371000.000     1978.663	
   264.000000 -34.000000   6371000.000     2005.351	
   272.000000 -34.000000   6371000.000     2038.644	
   280.000000 -34.000000   6371000.000     2119.135	
   288.000000 -34.000000   6371000.000     2247.074	
   296.000000 -34.000000   6371000.000     2258.309	
   304.000000 -34.000000   6371000.000     2201.637	
   312.000000 -34.000000   6371000.000     2012.812	
   320.000000 -34.000000   6371000.000     1979.544	
   328.000000 -34.000000   6371000.000     2079.061	
   336.000000 -34.000000   6371000.000     2169.208	
   344.000000 -34.000000   6371000.000     2227.508	
   352.000000 -34.000000   6371000.000     2210.270	
     0.000000 -42.000000   6371000.000   -11473.165	
     8.000000 -42.000000   6371000.000   -11473.183	
    16.000000 -42.000000   6371000.000   -11424.581	
    24.000000 -42.000000   6371000.000   -11372.481	
    32.000000 -42.000000   6371000.000   -11378.356	
    40.000000 -42.000000   6371000.000   -11283.883	
    48.000000 -42.000000   6371000.000   -11284.813	
    56.000000 -42.000000   6371000.000   -11350.377	
    64.000000 -42.000000   6371000.000   -11423.840	
    72.000000 -42.000000   6371000.000   -11470.950	
    80.000000 -42.000000   6371000.000   -11538.079	
    88.000000 -42.000000   6371000.000   -11647.159	
    96.000000 -42.000000   6371000.000   -11791.786	
   104.000000 -42.000000   6371000.000   -11922.084	
   112.000000 -42.000000   6371000.000   -12006.387	
   120.000000 -42.000000   6371000.000   -12011.550	
   128.000000 -42.000000   6371000.000   -11978.958	
   136.000000 -42.000000   6371000.000   -11901.615	
   144.000000 -42.000000   6371000.000   -11826.980	
   152.000000 -42.000000   6371000.000   -11768.086	
   160.000000 -42.000000   6371000.000   -11714.616	
   168.000000 -42.000000   6371000.000   -11617.319	
   176.000000 -42.000000   6371000.000   -11617.787	
   184.000000 -42.000000   6371000.000   -11603.921	
   192.000000 -42.000000   6371000.000   -11706.108	
   200.000000 -42.000000   6371000.000   -11735.230	
   208.000000 -42.000000   6371000.000   -11775.359	
   216.000000 -42.000000   6371000.000   -11823.695	
   224.000000 -42.000000   6371000.000   -11845.138	
   232.000000 -42.000000   6371000.000   -11835.027	
   240.000000 -42.000000   6371000.000   -11827.518	
   248.000000 -42.000000   6371000.000   -11809.111	
   256.000000 -42.000000   6371000.000   -11790.606	
   264.000000 -42.000000   6371000.000   -11756.250	
   272.000000 -42.000000   6371000.000   -11701.114	
   280.000000 -42.000000   6371000.000   -11628.741	
   288.000000 -42.000000   6371000.000   -11500.601	
   296.000000 -42.000000   6371000.000   -11580.818	
   304.000000 -42.000000   6371000.000   -11684.606	
   312.000000 -42.000000   6371000.000   -11735.639	
   320.000000 -42.000000   6371000.000   -11776.906	
   328.000000 -42.000000   6371000.000   -11682.220	
   336.000000 -42.000000   6371000.000   -11552.290	
   344.000000 -42.000000   6371000.000   -11462.708	
   352.000000 -42.000000   6371000.000   -11480.974	
     0.000000 -50.000000   6371000.000   -25609.694	
     8.000000 -50.000000   6371000.000   -25616.236	
    16.000000 -50.000000   6371000.000   -25553.469	
    24.000000 -50.000000   6371000.000   -25510.660	
    32.000000 -50.000000   6371000.000   -25463.617	
    40.000000 -50.000000   6371000.000   -25413.380	
    48.000000 -50.000000   6371000.000   -25415.208	
    56.000000 -50.000000   6371000.000   -25446.909	
    64.000000 -50.000000   6371000.000   -25482.342	
    72.000000 -50.000000   6371000.000   -25497.488	
    80.000000 -50.000000   6371000.000   -25587.754	
    88.000000 -50.000000   6371000.000   -25701.397	
    96.000000 -50.000000   6371000.000   -25815.503	
   104.000000 -50.000000   6371000.000   -25929.190	
   112.000000 -50.000000   6371000.000   -26021.834	
   120.000000 -50.000000   6371000.000   -26076.146	
   128.000000 -50.000000   6371000.000   -26080.570	
   136.000000 -50.000000   6371000.000   -26043.945	
   144.000000 -50.000000   6371000.000   -26024.877	
   152.000000 -50.000000   6371000.000   -26021.588	
   160.000000 -50.000000   6371000.000   -25995.250	
   168.000000 -50.000000   6371000.000   -25956.910	
   176.000000 -50.000000   6371000.000   -25990.198	
   184.000000 -50.000000   6371000.000   -26032.566	
   192.000000 -50.000000   6371000.000   -26043.940	
   200.000000 -50.000000   6371000.000   -26040.202	
   208.000000 -50.000000   6371000.000   -26020.920	
   216.000000 -50.000000   6371000.000   -26021.352	
   224.000000 -50.000000   6371000.000   -26032.102	
   232.000000 -50.000000   6371000.000   -25996.930	
   240.000000 -50.000000   6371000.000   -25957.265	
   248.000000 -50.000000   6371000.000   -25960.911	
   256.000000 -50.000000   6371000.000   -25956.785	
   264.000000 -50.000000   6371000.000   -25923.929	
   272.000000 -50.000000   6371000.000   -25876.307	
   280.000000 -50.000000   6371000.000   -25809.059	
   288.000000 -50.000000   6371000.000   -25730.030	
   296.000000 -50.000000   6371000.000   -25737.886	
   304.000000 -50.000000   6371000.000   -25764.452	
   312.000000 -50.000000   6371000.000   -25828.076	
   320.000000 -50.000000   6371000.000   -25814.463	
   328.000000 -50.000000   6371000.000   -25767.739	
   336.000000 -50.000000   6371000.000   -25691.220	
   344.000000 -50.000000   6371000.000   -25625.535	
   352.000000 -50.000000   6371000.000   -25588.678	
     0.000000 -58.000000   6371000.000   -39095.834	
     8.000000 -58.000000   6371000.000   -39104.352	
    16.000000 -58.000000   6371000.000   -39066.439	
    24.000000 -58.000000   6371000.000   -39022.443	
    32.000000 -58.000000   6371000.000   -38978.808	
    40.000000 -58.000000   6371000.000   -38934.923	
    48.000000 -58.000000   6371000.000   -38934.440	
    56.000000 -58.000000   6371000.000   -38955.764	
    64.000000 -58.000000   6371000.000   -38975.591	
    72.000000 -58.000000   6371000.000   -39007.240	
    80.000000 -58.000000   6371000.000   -39040.796	
    88.000000 -58.000000   6371000.000   -39163.617	
    96.000000 -58.000000   6371000.000   -39253.736	
   104.000000 -58.000000   6371000.000   -39354.174	
   112.000000 -58.000000   6371000.000   -39443.668	
   120.000000 -58.000000   6371000.000   -39520.022	
   128.000000 -58.000000   6371000.000   -39569.824	
   136.000000 -58.000000   6371000.000   -39580.568	
   144.000000 -58.000000   6371000.000   -39560.452	
   152.000000 -58.000000   6371000.000   -39550.371	
   160.000000 -58.000000   6371000.000   -39599.839	
   168.000000 -58.000000   6371000.000   -39685.187	
   176.000000 -58.000000   6371000.000   -39714.640	
   184.000000 -58.000000   6371000.000   -39708.413	
   192.000000 -58.000000   6371000.000   -39673.620	
   200.000000 -58.000000   6371000.000   -39624.055	
   208.000000 -58.000000   6371000.000   -39578.653	
   216.000000 -58.000000   6371000.000   -39556.772	
   224.000000 -58.000000   6371000.000   -39545.347	
   232.000000 -58.000000   6371000.000   -39509.858	
   240.000000 -58.000000   6371000.000   -39487.473	
   248.000000 -58.000000   6371000.000   -39482.183	
   256.000000 -58.000000   6371000.000   -39453.581	
   264.000000 -58.000000   6371000.000   -39415.010	
   272.000000 -58.000000   6371000.000   -39370.641	
   280.000000 -58.000000   6371000.000   -39308.730	
   288.000000 -58.000000   6371000.000   -39216.875	
   296.000000 -58.000000   6371000.000   -39132.855	
   304.000000 -58.000000   6371000.000   -39096.997	
   312.000000 -58.000000   6371000.000   -39101.058	
   320.000000 -58.000000   6371000.000   -39104.606	
   328.000000 -58.000000   6371000.000   -39070.511	
   336.000000 -58.000000   6371000.000   -39189.497	
   344.000000 -58.000000   6371000.000   -39103.180	
   352.000000 -58.000000   6371000.000   -39098.166	
     0.000000 -66.000000   6371000.000   -50869.944	
     8.000000 -66.000000   6371000.000   -50840.451	
    16.000000 -66.000000   6371000.000   -50825.109	
    24.000000 -66.000000   6371000.000   -50821.485	
    32.000000 -66.000000   6371000.000   -50800.161	
    40.000000 -66.000000   6371000.000   -50751.951	
    48.000000 -66.000000   6371000.000   -50692.607	
    56.000000 -66.000000   6371000.000   -50674.184	
    64.000000 -66.000000   6371000.000   -50745.386	
    72.000000 -66.000000   6371000.000   -50777.244	
    80.000000 -66.000000   6371000.000   -50833.854	
    88.000000 -66.000000   6371000.000   -50891.191	
    96.000000 -66.000000   6371000.000   -50998.347	
   104.000000 -66.000000   6371000.000   -51059.106	
   112.000000 -66.000000   6371000.000   -51170.427	
   120.000000 -66.000000   6371000.000   -51252.305	
   128.000000 -66.000000   6371000.000   -51334.535	
   136.000000 -66.000000   6371000.000   -51385.008	
   144.000000 -66.000000   6371000.000   -51431.037	
   152.000000 -66.000000   6371000.000   -51454.123	
   160.000000 -66.000000   6371000.000   -51460.271	
   168.000000 -66.000000   6371000.000   -51489.559	
   176.000000 -66.000000   6371000.000   -51526.986	
   184.000000 -66.000000   6371000.000   -51518.735	
   192.000000 -66.000000   6371000.000   -51509.481	
   200.000000 -66.000000   6371000.000   -51497.683	
   208.000000 -66.000000   6371000.000   -51474.946	
   216.000000 -66.000000   6371000.000   -51436.444	
   224.000000 -66.000000   6371000.000   -51409.953	
   232.000000 -66.000000   6371000.000   -51360.023	
   240.000000 -66.000000   6371000.000   -51320.011	
   248.000000 -66.000000   6371000.000   -51281.605	
   256.000000 -66.000000   6371000.000   -51242.920	
   264.000000 -66.000000   6371000.000   -51198.698	
   272.000000 -66.000000   6371000.000   -51137.869	
   280.000000 -66.000000   6371000.000   -51066.273	
   288.000000 -66.000000   6371000.000   -50966.183	
   296.000000 -66.000000   6371000.000   -50841.443	
   304.000000 -66.000000   6371000.000   -50843.746	
   312.000000 -66.000000   6371000.000   -50884.522	
   320.000000 -66.000000   6371000.000   -50881.850	
   328.000000 -66.000000   6371000.000   -50895.649	
   336.000000 -66.000000   6371000.000   -50911.075	
   344.000000 -66.000000   6371000.000   -50920.138	
   352.000000 -66.000000   6371000.000   -50907.891	
     0.000000 -74.000000   6371000.000   -59905.381	
     8.000000 -74.000000   6371000.000   -59896.374	
    16.000000 -74.000000   6371000.000   -59882.323	
    24.000000 -74.000000   6371000.000   -59849.516	
    32.000000 -74.000000   6371000.000   -59856.833	
    40.000000 -74.000000   6371000.000   -59837.119	
    48.000000 -74.000000   6371000.000   -59859.560	
    56.000000 -74.000000   6371000.000   -59887.194	
    64.000000 -74.000000   6371000.000   -59942.269	
    72.000000 -74.000000   6371000.000   -59956.987	
    80.000000 -74.000000   6371000.000   -59946.430	
    88.000000 -74.000000   6371000.000   -59987.432	
    96.000000 -74.000000   6371000.000   -60070.406	
   104.000000 -74.000000   6371000.000   -60175.784	
   112.000000 -74.000000   6371000.000   -60338.053	
   120.000000 -74.000000   6371000.000   -60404.837	
   128.000000 -74.000000   6371000.000   -60445.464	
   136.000000 -74.000000   6371000.000   -60498.070	
   144.000000 -74.000000   6371000.000   -60566.442	
   152.000000 -74.000000   6371000.000   -60607.665	
   160.000000 -74.000000   6371000.000   -60612.346	
   168.000000 -74.000000   6371000.000   -60600.733	
   176.000000 -74.000000   6371000.000   -60628.823	
   184.000000 -74.000000   6371000.000   -60672.311	
   192.000000 -74.000000   6371000.000   -60684.293	
   200.000000 -74.000000   6371000.000   -60668.459	
   208.000000 -74.000000   6371000.000   -60647.718	
   216.000000 -74.000000   6371000.000   -60600.263	
   224.000000 -74.000000   6371000.000   -60515.189	
   232.000000 -74.000000   6371000.000   -60457.329	
   240.000000 -74.000000   6371000.000   -60413.822	
   248.000000 -74.000000   6371000.000   -60361.258	
   256.000000 -74.000000   6371000.000   -60315.279	
   264.000000 -74.000000   6371000.000   -60255.658	
   272.000000 -74.000000   6371000.000   -60213.725	
   280.000000 -74.000000   6371000.000   -60169.330	
   288.000000 -74.000000   6371000.000   -60118.506	
   296.000000 -74.000000   6371000.000   -60073.302	
   304.000000 -74.000000   6371000.000   -60111.314	
   312.000000 -74.000000   6371000.000   -60069.203	
   320.000000 -74.000000   6371000.000   -60069.811	
   328.000000 -74.000000   6371000.000   -60043.995	
   336.000000 -74.000000   6371000.000   -60035.760	
   344.000000 -74.000000   6371000.000   -60010.928	
   352.000000 -74.000000   6371000.000   -59955.647	
     0.000000 -82.000000   6371000.000   -65885.578	
     8.000000 -82.000000   6371000.000   -65860.216	
    16.000000 -82.000000   6371000.000   -65834.142	
    24.000000 -82.000000   6371000.000   -65787.563	
    32.000000 -82.000000   6371000.000   -65759.700	
    40.000000 -82.000000   6371000.000   -65771.648	
    48.000000 -82.000000   6371000.000   -65776.903	
    56.000000 -82.000000   6371000.000   -65762.884	
    64.000000 -82.000000   6371000.000   -65763.098	
    72.000000 -82.000000   6371000.000   -65753.922	
    80.000000 -82.000000   6371000.000   -65777.660	
    88.000000 -82.000000   6371000.000   -65820.844	
    96.000000 -82.000000   6371000.000   -65885.702	
   104.000000 -82.000000   6371000.000   -65956.676	
   112.000000 -82.000000   6371000.000   -66019.238	
   120.000000 -82.000000   6371000.000   -66088.046	
   128.000000 -82.000000   6371000.000   -66140.636	
   136.000000 -82.000000   6371000.000   -66166.867	
   144.000000 -82.000000   6371000.000   -66193.854	
   152.000000 -82.000000   6371000.000   -66195.039	
   160.000000 -82.000000   6371000.000   -66204.523	
   168.000000 -82.000000   6371000.000   -66232.549	
   176.000000 -82.000000   6371000.000   -66238.725	
   184.000000 -82.000000   6371000.000   -66248.208	
   192.000000 -82.000000   6371000.000   -66252.661	
   200.000000 -82.000000   6371000.000   -66252.797	
   208.000000 -82.000000   6371000.000   -66244.498	
   216.000000 -82.000000   6371000.000   -66230.970	
   224.000000 -82.000000   6371000.000   -66207.698	
   232.000000 -82.000000   6371000.000   -66179.464	
   240.000000 -82.000000   6371000.000   -66149.329	
   248.000000 -82.000000   6371000.000   -66109.243	
   256.000000 -82.000000   6371000.000   -66070.880	
   264.000000 -82.000000   6371000.000   -66046.191	
   272.000000 -82.000000   6371000.000   -66035.410	
   280.000000 -82.000000   6371000.000   -66039.284	
   288.000000 -82.000000   6371000.000   -66041.176	
   296.000000 -82.000000   6371000.000   -66028.879	
   304.000000 -82.000000   6371000.000   -66015.736	
   312.000000 -82.000000   6371000.000   -65979.286	
   320.000000 -82.000000   6371000.000   -65961.475	
   328.000000 -82.000000   6371000.000   -65930.480	
   336.000000 -82.000000   6371000.000   -65908.644	
   344.000000 -82.000000   6371000.000   -65897.800	
   352.000000 -82.000000   6371000.000   -65903.383	
